,position (um),Fat2 intensity,Abi intensity
0,0.0,24.1405,7.2122
1,0.0689,25.8073,5.9812
2,0.1378,30.706,6.1776
3,0.2067,39.9671,5.8328
4,0.2756,43.0153,7.6255
5,0.3445,32.0405,7.9877
6,0.4134,21.0708,8.7375
7,0.4823,12.9862,6.1096
8,0.5512,11.2982,4.7593
9,0.6201,8.2789,3.9298
10,0.6889,9.4041,4.5451
11,0.7578,9.7763,3.5675
12,0.8267,6.0955,4.7002
13,0.8956,3.4677,5.2061
14,0.9645,4.6292,4.8709
15,1.0334,3.469,4.1573
16,1.1023,3.6941,2.9741
17,1.1712,2.3513,2.3713
18,1.2401,3.7161,2.6758
19,1.309,5.0398,2.755
20,1.3779,8.3763,3.3442
21,1.4468,13.1578,4.1037
22,1.5157,15.5482,5.0007
23,1.5846,14.8306,6.1433
24,1.6535,12.194,4.2246
25,1.7224,10.629,3.0314
26,1.7913,7.4529,2.8361
27,1.8602,5.909,2.6537
28,1.929,3.9866,2.5188
29,1.9979,3.1702,2.3746
30,2.0668,2.2942,2.7341
31,2.1357,2.6936,2.9817
32,2.2046,3.0545,3.1251
33,2.2735,4.0397,3.5243
34,2.3424,4.3723,3.3362
35,2.4113,4.5467,3.7432
36,2.4802,7.9818,3.138
37,2.5491,7.4655,2.3959
38,2.618,5.4336,2.0537
39,2.6869,4.8436,2.0725
40,2.7558,2.5721,2.2389
41,2.8247,2.0059,1.9454
42,2.8936,3.346,2.0277
43,2.9625,2.029,1.5488
44,3.0314,2.2047,1.6581
45,3.1003,1.9551,1.6563
46,3.1691,1.8879,2.0656
47,3.238,3.3735,1.9122
48,3.3069,5.5502,1.8262
49,3.3758,8.0248,2.5257
50,3.4447,7.9596,2.5989
51,3.5136,6.7838,2.367
52,3.5825,5.8104,2.7738
53,3.6514,5.8977,2.8003
54,3.7203,7.7176,2.5794
55,3.7892,6.327,2.5525
56,3.8581,6.7702,2.9454
57,3.927,7.5978,2.9171
58,3.9959,9.5244,3.7758
59,4.0648,7.927,4.5477
60,4.1337,9.4539,4.4103
61,4.2026,8.6591,4.7368
62,4.2715,7.3992,3.818
63,4.3404,6.4307,3.8591
64,4.4092,8.2087,4.1349
65,4.4781,11.6313,5.3443
66,4.547,10.2221,6.0827
67,4.6159,5.5463,4.9119
68,4.6848,6.3455,3.1044
69,4.7537,8.5424,2.5906
70,4.8226,9.4876,1.9448
71,4.8915,11.075,1.7554
72,4.9604,10.092,1.9947
73,5.0293,13.187,2.9359
74,5.0982,14.4991,2.7843
75,5.1671,13.1378,3.4568
76,5.236,9.9402,2.7011
77,5.3049,7.3083,2.9685
78,5.3738,8.9338,3.1071
79,5.4427,11.2874,3.4164
80,5.5116,9.8964,2.5614
81,5.5805,7.6205,2.595
82,5.6493,7.4603,2.4673
83,5.7182,8.1809,2.5012
84,5.7871,8.2132,2.1949
85,5.856,9.0345,2.4048
86,5.9249,10.0571,3.1266
87,5.9938,9.5456,3.6128
88,6.0627,13.7268,4.9462
89,6.1316,20.7643,6.3436
90,6.2005,18.4921,7.3804
91,6.2694,18.7339,5.7147
92,6.3383,17.2796,5.4842
93,6.4072,19.2067,5.1237
94,6.4761,19.7513,5.6611
95,6.545,23.4558,4.1553
96,6.6139,15.3978,3.9577
97,6.6828,9.6443,3.0854
98,6.7517,10.4143,2.0462
99,6.8206,8.3325,2.7586
100,6.8894,8.4209,2.6687
101,6.9583,8.0937,2.3789
102,7.0272,9.723,2.2717
103,7.0961,12.36,2.6627
104,7.165,17.4321,3.9628
105,7.2339,26.5182,4.5475
106,7.3028,39.1738,6.3152
107,7.3717,54.86,8.6934
108,7.4406,60.2705,10.8294
109,7.5095,53.7729,11.8498
110,7.5784,41.9275,11.3808
111,7.6473,28.8893,9.0051
112,7.7162,20.2399,6.0667
113,7.7851,12.9028,3.8114
114,7.854,7.378,2.8858
115,7.9229,5.7619,2.6325
116,7.9918,8.1314,3.2361
117,8.0607,11.5178,3.1934
118,8.1296,11.7511,4.0214
119,8.1984,11.6842,3.6401
120,8.2673,8.8299,2.3111
121,8.3362,6.4045,1.6163
122,8.4051,3.6942,1.688
123,8.474,3.1974,1.7304
124,8.5429,3.8291,1.427
125,8.6118,6.0959,1.8722
126,8.6807,7.5771,1.7502
127,8.7496,9.2412,1.9375
128,8.8185,8.7101,2.1366
129,8.8874,12.7315,3.0233
130,8.9563,12.494,3.439
131,9.0252,16.0101,3.8849
132,9.0941,13.4902,3.6837
133,9.163,11.2027,3.4543
134,9.2319,7.3464,3.4481
135,9.3008,5.4198,3.3763
136,9.3697,4.5159,2.9578
137,9.4385,3.9095,2.0612
138,9.5074,3.5933,1.8662
139,9.5763,3.1584,1.7242
140,9.6452,2.7458,2.855
141,9.7141,3.2534,2.5215
142,9.783,3.087,2.4692
143,9.8519,4.373,3.4483
144,9.9208,6.3792,2.7198
145,9.9897,6.2112,2.757
146,10.0586,5.4435,2.4942
147,10.1275,6.3235,2.0813
148,10.1964,4.1639,2.4516
149,10.2653,5.3295,1.4251
150,10.3342,5.5033,1.3086
151,10.4031,5.3981,1.3791
152,10.472,4.811,0.9597
153,10.5409,2.6968,1.2223
154,10.6098,3.0098,1.0413
155,10.6786,1.5426,0.753
156,10.7475,1.0774,0.9976
157,10.8164,2.1573,0.7007
158,10.8853,2.602,0.6174
159,10.9542,2.8339,1.1535
160,11.0231,5.0453,1.2246
161,11.092,8.3837,1.2321
162,11.1609,12.0681,0.9771
163,11.2298,19.4222,1.4372
164,11.2987,24.0519,2.1948
165,11.3676,26.053,2.9552
166,11.4365,24.587,4.4693
167,11.5054,27.0778,5.4355
168,11.5743,36.3338,5.5259
169,11.6432,41.3149,7.4036
170,11.7121,40.7318,8.0978
171,11.781,39.6539,9.139
172,11.8499,37.5638,9.1544
173,11.9187,32.2776,7.1734
174,11.9876,30.1972,7.5391
175,12.0565,24.9775,7.1282
176,12.1254,18.5279,5.3798
177,12.1943,16.017,4.4022
178,12.2632,13.28,3.5914
179,12.3321,13.5701,3.421
180,12.401,10.8957,2.6643
181,12.4699,8.2113,2.9124
182,12.5388,6.6143,2.0354
183,12.6077,5.3015,1.9349
184,12.6766,6.5259,1.9284
185,12.7455,6.9788,1.9919
186,12.8144,6.1092,2.4201
187,12.8833,7.252,2.0692
188,12.9522,7.4469,1.7782
189,13.0211,6.2654,2.2561
190,13.09,9.0924,2.1374
191,13.1588,7.7422,2.1291
192,13.2277,8.9101,2.1617
193,13.2966,10.2213,2.0228
194,13.3655,8.454,1.7251
195,13.4344,8.1914,2.7072
196,13.5033,10.8058,4.3246
197,13.5722,14.8239,5.2087
198,13.6411,16.019,4.6874
199,13.71,16.3898,4.1347
200,13.7789,14.4986,4.113
201,13.8478,17.383,4.9042
202,13.9167,20.8567,6.0188
203,13.9856,26.9547,5.6478
204,14.0545,30.2834,5.5147
205,14.1234,22.8392,4.2319
206,14.1923,17.4232,3.7624
207,14.2612,11.162,2.9061
208,14.3301,9.1512,2.0764
209,14.3989,7.4501,1.6563
210,14.4678,4.4808,1.399
211,14.5367,5.3695,1.3743
212,14.6056,6.8726,1.6633
213,14.6745,9.1842,1.8485
214,14.7434,12.6641,2.7413
215,14.8123,15.5927,2.596
216,14.8812,21.6238,3.4425
217,14.9501,32.4295,4.8199
218,15.019,46.0736,8.2176
219,15.0879,58.9637,9.9413
220,15.1568,54.873,10.1244
221,15.2257,45.0402,8.5335
222,15.2946,31.0848,7.38
223,15.3635,20.4858,4.9579
224,15.4324,14.7952,3.5181
225,15.5013,14.7851,3.2266
226,15.5702,15.344,3.7561
227,15.6391,15.6185,3.709
228,15.7079,15.9783,3.9415
229,15.7768,17.4861,4.8719
230,15.8457,21.7996,4.8767
231,15.9146,26.6811,5.1504
232,15.9835,26.0942,5.5242
233,16.0524,26.134,4.8848
234,16.1213,14.9497,4.6669
235,16.1902,14.6605,3.9432
236,16.2591,12.7648,3.722
237,16.328,8.5456,3.2774
238,16.3969,6.8806,2.5919
239,16.4658,4.1275,1.6382
240,16.5347,2.3168,1.9455
241,16.6036,1.9029,1.2615
242,16.6725,2.7011,1.2857
243,16.7414,2.6179,1.4186
244,16.8103,3.2118,1.1438
245,16.8792,1.9786,0.6704
246,16.948,1.8415,0.7089
247,17.0169,2.3917,0.4768
248,17.0858,1.5782,0.5046
249,17.1547,2.0479,0.509
250,17.2236,1.8542,0.5743
251,17.2925,4.1687,0.8864
252,17.3614,5.6699,1.0476
253,17.4303,5.9901,1.344
254,17.4992,7.7564,1.5967
255,17.5681,8.8971,2.3412
256,17.637,9.0753,2.6762
257,17.7059,6.6216,2.1487
258,17.7748,5.2281,1.4576
259,17.8437,4.265,1.6496
260,17.9126,4.7714,1.9967
261,17.9815,3.7066,1.6218
262,18.0504,3.5623,1.5919
263,18.1193,3.0611,0.9072
264,18.1881,4.4315,1.1927
265,18.257,5.2879,1.5374
266,18.3259,3.8736,2.6332
267,18.3948,2.7711,3.2042
268,18.4637,2.412,4.1226
269,18.5326,1.6902,3.4217
270,18.6015,1.5219,2.4749
271,18.6704,2.336,1.8332
272,18.7393,3.1886,1.8587
273,18.8082,5.3463,1.8273
274,18.8771,7.2151,2.0058
275,18.946,5.823,2.4243
276,19.0149,6.6441,4.2561
277,19.0838,4.5183,3.7181
278,19.1527,4.045,3.0152
279,19.2216,2.7684,2.861
280,19.2905,3.1069,2.0327
281,19.3594,1.8907,1.6234
282,19.4282,2.2846,1.6096
283,19.4971,2.1517,1.4585
284,19.566,1.4084,0.8102
285,19.6349,1.6093,1.1553
286,19.7038,1.8592,1.2058
287,19.7727,5.2452,0.7422
288,19.8416,6.1887,0.8173
289,19.9105,6.4969,0.6297
290,19.9794,4.8518,0.7708
291,20.0483,2.901,0.9765
292,20.1172,3.645,0.6768
293,20.1861,3.6806,1.0165
294,20.255,3.1119,1.4317
295,20.3239,3.73,0.9537
296,20.3928,2.7066,1.0877
297,20.4617,2.8001,1.2143
298,20.5306,1.4376,1.1257
299,20.5995,1.2942,1.0512
300,20.6683,0.8941,1.6329
301,20.7372,0.9271,1.0573
302,20.8061,1.3406,1.1899
303,20.875,1.324,1.2985
304,20.9439,0.9501,1.1383
305,21.0128,0.8248,1.3402
306,21.0817,1.5241,1.6533
307,21.1506,2.282,1.1488
308,21.2195,1.4559,1.4189
309,21.2884,1.8847,1.7313
310,21.3573,3.8523,1.4117
311,21.4262,5.3164,1.3527
312,21.4951,10.7487,1.3091
313,21.564,15.4049,1.8886
314,21.6329,17.0422,2.3285
315,21.7018,18.1787,3.0094
316,21.7707,15.4169,3.5251
317,21.8396,13.3937,3.4639
318,21.9084,13.211,3.0517
319,21.9773,10.1844,2.2493
320,22.0462,10.4172,1.6879
321,22.1151,14.1831,1.7579
322,22.184,15.1743,2.2265
323,22.2529,18.1542,3.6211
324,22.3218,17.4878,3.8392
325,22.3907,13.9778,2.9534
326,22.4596,10.9696,2.5288
327,22.5285,8.0182,1.8861
328,22.5974,7.0145,2.1256
329,22.6663,6.2228,1.4046
330,22.7352,5.6473,1.1415
331,22.8041,5.2474,1.6068
332,22.873,4.0385,1.6218
333,22.9419,2.9762,1.2732
334,23.0108,1.751,0.9136
335,23.0797,2.0678,1.143
336,23.1486,2.5593,0.7681
337,23.2174,2.3772,1.108
338,23.2863,2.3492,1.2065
339,23.3552,2.5568,1.6441
340,23.4241,2.7081,1.5777
341,23.493,2.8376,1.026
342,23.5619,2.7414,1.0359
343,23.6308,2.3743,1.0856
344,23.6997,2.4413,1.0697
345,23.7686,2.6889,1.0426
346,23.8375,3.3468,1.6168
347,23.9064,3.6717,1.4718
348,23.9753,5.4351,1.1476
349,24.0442,7.8744,1.1988
350,24.1131,13.0222,1.7199
351,24.182,17.1337,2.3826
352,24.2509,25.0376,3.2457
353,24.3198,41.638,4.3172
354,24.3887,51.1927,4.5784
355,24.4575,49.498,5.6912
356,24.5264,50.7159,6.1538
357,24.5953,64.6776,9.3815
358,24.6642,80.5696,14.6137
359,24.7331,60.4289,17.0691
360,24.802,26.6605,14.3721
361,24.8709,12.1959,8.1724
362,24.9398,8.6136,4.5378
363,25.0087,6.7622,3.2076
364,25.0776,6.9404,2.2718
365,25.1465,7.5999,1.2743
366,25.2154,6.9417,1.0539
367,25.2843,4.3519,1.1757
368,25.3532,3.0257,1.4021
369,25.4221,2.9143,1.652
370,25.491,1.6313,1.9104
371,25.5599,2.3597,1.7514
372,25.6288,1.5157,1.2349
373,25.6976,1.577,1.7154
374,25.7665,2.1562,1.5307
375,25.8354,2.9978,1.1229
376,25.9043,5.4998,1.5444
377,25.9732,8.7255,1.983
378,26.0421,8.5878,3.0558
379,26.111,8.0966,2.6251
380,26.1799,6.3897,2.2737
381,26.2488,6.123,2.5169
382,26.3177,4.8147,1.7714
383,26.3866,2.1602,2.1817
384,26.4555,2.8294,1.8493
385,26.5244,2.7243,1.4551
386,26.5933,2.7786,1.2701
387,26.6622,4.4547,1.2938
388,26.7311,5.3765,1.2253
389,26.8,6.4896,1.015
390,26.8689,7.4298,1.0428
391,26.9377,7.3574,0.6303
392,27.0066,6.7402,0.952
393,27.0755,5.9428,1.4432
394,27.1444,4.6038,1.2899
395,27.2133,5.9352,1.6413
396,27.2822,8.2507,1.4698
397,27.3511,10.046,1.5094
398,27.42,9.8298,1.5514
399,27.4889,9.1259,1.1937
400,27.5578,6.3725,1.5176
401,27.6267,3.4331,1.3563
402,27.6956,3.1568,1.2649
403,27.7645,5.0372,1.5406
404,27.8334,6.1057,2.4791
405,27.9023,6.8524,3.6988
406,27.9712,5.5267,3.5992
407,28.0401,4.9916,3.3707
408,28.109,6.3904,3.2497
409,28.1778,8.2197,2.9499
410,28.2467,9.8635,2.9802
411,28.3156,7.1481,2.6978
412,28.3845,7.2741,2.2951
413,28.4534,5.1408,2.1762
414,28.5223,4.0015,2.287
415,28.5912,5.8388,1.9996
416,28.6601,7.4021,1.8328
417,28.729,9.1222,1.9672
418,28.7979,9.3997,1.8516
419,28.8668,9.3218,0.8235
420,28.9357,9.3379,1.1734
421,29.0046,7.8675,1.8012
422,29.0735,3.7987,1.5035
423,29.1424,2.5397,1.4187
424,29.2113,2.4406,1.1086
425,29.2802,4.0223,1.1742
426,29.3491,7.9651,1.5746
427,29.4179,8.4158,1.4881
428,29.4868,7.8805,1.7732
429,29.5557,8.6537,1.9883
430,29.6246,9.2422,1.3564
431,29.6935,8.6672,1.066
432,29.7624,12.8283,1.5222
433,29.8313,13.0997,1.3696
434,29.9002,11.5247,1.5383
435,29.9691,6.993,1.7635
436,30.038,3.4358,1.4112
437,30.1069,3.3376,1.6437
438,30.1758,5.4646,1.7803
439,30.2447,3.8936,2.0161
440,30.3136,7.7203,2.6085
441,30.3825,11.0965,3.5132
442,30.4514,11.3806,3.3925
443,30.5203,16.7208,4.1273
444,30.5892,13.1882,2.33
445,30.6581,9.0968,2.0145
446,30.7269,8.5522,1.9245
447,30.7958,8.0448,2.1508
448,30.8647,6.6635,2.2307
449,30.9336,6.7522,2.8099
450,31.0025,5.9655,1.9452
451,31.0714,6.9787,2.1182
452,31.1403,10.487,2.5962
453,31.2092,15.5074,2.7746
454,31.2781,21.4527,3.2924
455,31.347,31.4606,3.7345
456,31.4159,50.8343,5.5387
457,31.4848,60.2173,8.2637
458,31.5537,51.5938,7.2346
459,31.6226,39.2081,7.3832
460,31.6915,25.714,6.6319
461,31.7604,20.2709,4.5828
462,31.8293,16.7378,3.6531
463,31.8982,12.7584,2.8546
464,31.967,7.9739,2.2041
465,32.0359,7.3127,2.2429
466,32.1048,5.8725,2.5178
467,32.1737,4.3806,2.0852
468,32.2426,2.8937,1.8171
469,32.3115,3.3818,1.8487
470,32.3804,2.7762,1.9847
471,32.4493,2.8797,1.6283
472,32.5182,1.9719,1.3914
473,32.5871,3.0094,1.521
474,32.656,1.3744,1.0916
475,32.7249,1.7588,1.4224
476,32.7938,3.4622,0.9642
477,32.8627,3.5041,0.8024
478,32.9316,3.1522,0.3739
479,33.0005,4.271,0.5904
480,33.0694,2.2168,0.3951
481,33.1383,2.01,0.46
482,33.2071,1.5003,0.6851
483,33.276,1.9979,1.1077
484,33.3449,4.6358,0.5931
485,33.4138,4.2215,0.8758
486,33.4827,4.6938,0.8872
487,33.5516,10.4022,1.7903
488,33.6205,20.4137,3.1134
489,33.6894,34.0722,5.08
490,33.7583,50.6062,6.9105
491,33.8272,61.7277,7.4486
492,33.8961,67.9252,8.7365
493,33.965,64.3791,9.1122
494,34.0339,57.3412,9.1888
495,34.1028,50.1228,7.7403
496,34.1717,49.1035,7.1243
497,34.2406,43.0131,7.951
498,34.3095,35.3892,7.7858
499,34.3784,24.8587,6.4539
500,34.4472,14.4746,5.2693
501,34.5161,10.7928,2.7329
502,34.585,9.1684,1.8747
503,34.6539,9.9108,1.5113
504,34.7228,13.4008,1.7678
505,34.7917,12.7587,1.3966
506,34.8606,12.0754,1.4048
507,34.9295,11.6203,1.2058
508,34.9984,10.7992,1.3769
509,35.0673,11.5286,1.8199
510,35.1362,14.4702,1.542
511,35.2051,10.4906,2.1235
512,35.274,8.7336,3.146
513,35.3429,3.7765,2.7576
514,35.4118,2.694,2.0872
515,35.4807,2.8401,1.4799
516,35.5496,4.2287,1.1552
517,35.6185,3.179,0.9084
518,35.6873,3.2841,1.1487
519,35.7562,3.1075,0.9189
520,35.8251,2.6818,1.1925
521,35.894,2.7695,1.372
522,35.9629,3.311,1.2234
523,36.0318,4.5325,1.1287
524,36.1007,7.8788,1.4561
525,36.1696,7.7609,1.1324
526,36.2385,5.498,1.3374
527,36.3074,4.2868,1.7875
528,36.3763,4.484,1.0425
529,36.4452,3.1716,0.7409
530,36.5141,3.3296,1.1988
531,36.583,2.9804,1.2397
532,36.6519,3.2469,1.1533
533,36.7208,2.9717,1.2751
534,36.7897,4.2618,1.5019
535,36.8586,6.0243,1.8922
536,36.9274,8.5198,1.412
537,36.9963,8.4057,1.714
538,37.0652,7.7826,1.7656
539,37.1341,10.4288,1.606
540,37.203,11.1404,1.2742
541,37.2719,9.284,1.1046
542,37.3408,10.3536,0.9216
543,37.4097,12.5786,0.8598
544,37.4786,15.2383,1.6271
545,37.5475,14.1169,2.2278
546,37.6164,10.6282,2.1378
547,37.6853,9.2426,2.4445
548,37.7542,7.845,2.9072
549,37.8231,9.4242,2.5776
550,37.892,12.4137,3.1013
551,37.9609,16.9552,4.7263
552,38.0298,25.9673,4.7278
553,38.0987,32.7482,5.6404
554,38.1675,35.7977,5.9097
555,38.2364,43.4124,5.265
556,38.3053,40.1203,4.4571
557,38.3742,32.0838,3.6583
558,38.4431,23.3769,3.3013
559,38.512,14.2045,2.0531
560,38.5809,8.6988,2.13
561,38.6498,5.766,1.6995
562,38.7187,5.1791,1.6683
563,38.7876,5.5296,1.5215
564,38.8565,7.461,1.4731
565,38.9254,7.9647,1.3065
566,38.9943,7.2041,1.4716
567,39.0632,4.5123,1.4509
568,39.1321,4.4041,1.6819
569,39.201,4.9557,2.4791
570,39.2699,6.1879,2.7461
571,39.3388,7.9618,3.9555
572,39.4076,14.0553,3.6197
573,39.4765,22.1502,4.7313
574,39.5454,26.6564,5.3661
575,39.6143,28.8012,4.7957
576,39.6832,36.7541,4.6811
577,39.7521,46.5601,5.5457
578,39.821,60.5988,6.4977
579,39.8899,63.7925,8.2137
580,39.9588,47.937,7.5398
581,40.0277,23.8501,6.6841
582,40.0966,10.6527,4.6294
583,40.1655,6.865,4.5162
584,40.2344,4.8629,4.3846
585,40.3033,5.2986,3.5046
586,40.3722,5.51,2.9395
587,40.4411,4.9246,3.4749
588,40.51,5.6857,3.2736
589,40.5789,4.6721,3.1655
590,40.6478,5.5502,3.9204
591,40.7166,8.0686,3.6685
592,40.7855,7.3453,3.4884
593,40.8544,5.2552,3.32
594,40.9233,4.7928,3.2981
595,40.9922,4.6247,2.1603
596,41.0611,5.265,1.9618
597,41.13,3.6409,1.5519
598,41.1989,3.6012,1.6806
599,41.2678,3.5542,2.0247
600,41.3367,5.2534,2.0538
601,41.4056,6.5238,1.3167
602,41.4745,7.3646,1.1569
603,41.5434,8.551,1.8029
604,41.6123,7.5128,1.911
605,41.6812,8.8771,2.047
606,41.7501,12.2814,2.6803
607,41.819,9.9546,2.24
608,41.8879,6.5785,1.966
609,41.9567,5.2482,2.2074
610,42.0256,4.2052,2.0623
611,42.0945,3.9897,2.3588
612,42.1634,7.4655,2.2365
613,42.2323,10.4697,3.4039
614,42.3012,14.5791,3.19
615,42.3701,17.7261,3.4465
616,42.439,18.8071,3.5728
617,42.5079,13.7685,3.5614
618,42.5768,8.5158,2.9458
619,42.6457,7.3253,2.849
620,42.7146,7.0462,2.9246
621,42.7835,5.6845,2.8857
622,42.8524,4.8963,2.013
623,42.9213,3.6199,2.005
624,42.9902,2.5491,1.7056
625,43.0591,1.7451,1.8787
626,43.128,3.4493,1.533
627,43.1968,5.7238,1.2487
628,43.2657,10.0928,2.264
629,43.3346,9.6781,2.647
630,43.4035,11.6277,2.815
631,43.4724,9.7105,3.1134
632,43.5413,8.6537,3.0674
633,43.6102,7.5848,4.0895
634,43.6791,12.35,3.1752
635,43.748,17.6706,3.2608
636,43.8169,22.8799,3.7537
637,43.8858,21.084,4.2881
638,43.9547,20.4663,4.5057
639,44.0236,22.9624,3.4339
640,44.0925,25.6247,4.4066
641,44.1614,28.0436,4.1377
642,44.2303,32.1194,5.059
643,44.2992,34.5461,5.0694
644,44.3681,26.507,4.9533
645,44.437,17.5175,4.5597
646,44.5058,12.2196,3.5259
647,44.5747,13.9401,2.7259
648,44.6436,11.8737,2.9047
649,44.7125,8.2844,2.606
650,44.7814,7.3538,2.9309
651,44.8503,11.7664,1.936
652,44.9192,12.9086,2.6125
653,44.9881,9.9837,3.0201
654,45.057,9.7357,3.575
655,45.1259,12.9576,3.2783
656,45.1948,15.1986,4.8663
657,45.2637,21.0809,7.3235
658,45.3326,27.6029,9.1287
659,45.4015,36.6218,11.1326
660,45.4704,49.2791,10.994
661,45.5393,60.9389,10.024
662,45.6082,62.7245,8.6491
663,45.6771,50.709,6.9178
664,45.7459,38.3175,3.781
665,45.8148,19.6288,2.0219
666,45.8837,7.2574,1.5777
667,45.9526,2.5595,1.8588
668,46.0215,1.7699,1.3569
669,46.0904,2.2751,0.9069
670,46.1593,1.5057,1.8111
671,46.2282,1.9562,1.4583
672,46.2971,2.4687,2.225
673,46.366,4.4346,3.3419
674,46.4349,7.1327,2.9668
675,46.5038,11.2525,3.203
676,46.5727,17.3993,4.1479
677,46.6416,18.0941,4.3473
678,46.7105,8.5201,2.2037
679,46.7794,4.1178,1.8891
680,46.8483,2.7035,1.2514
681,46.9172,4.3014,1.3547
682,46.986,6.4884,1.1317
683,47.0549,8.7536,1.228
684,47.1238,14.1074,1.6932
685,47.1927,21.2225,2.2287
686,47.2616,24.7896,2.937
687,47.3305,24.1877,3.624
688,47.3994,28.0468,2.8098
689,47.4683,35.0664,3.5501
690,47.5372,37.924,4.6424
691,47.6061,27.5863,5.2636
692,47.675,14.2943,3.8702
693,47.7439,7.5883,2.9849
694,47.8128,5.5394,2.6966
695,47.8817,5.3448,2.1067
696,47.9506,6.6779,2.112
697,48.0195,7.9856,2.1049
698,48.0884,8.6255,1.8668
699,48.1573,7.5716,1.4039
700,48.2261,6.393,2.3134
701,48.295,7.9386,2.8689
702,48.3639,11.2481,3.2386
703,48.4328,16.2492,2.9475
704,48.5017,22.9099,2.7944
705,48.5706,25.7076,3.287
706,48.6395,29.8078,4.5632
707,48.7084,29.4142,4.7582
708,48.7773,26.8288,5.2052
709,48.8462,19.5945,5.5109
710,48.9151,20.1327,4.276
711,48.984,20.0033,3.9562
712,49.0529,20.8765,3.4744
713,49.1218,24.7678,3.8361
714,49.1907,19.3351,4.2047
715,49.2596,15.8794,3.8296
716,49.3285,8.4874,2.9548
717,49.3974,7.1029,2.1705
718,49.4662,6.7834,2.1223
719,49.5351,5.0595,1.5749
720,49.604,5.6068,1.4422
721,49.6729,7.6918,1.2226
722,49.7418,8.5256,1.1233
723,49.8107,8.6164,1.6757
724,49.8796,6.8569,1.591
725,49.9485,7.0081,1.4887
726,50.0174,6.4335,1.5554
727,50.0863,9.3113,1.7693
728,50.1552,11.4257,1.7431
729,50.2241,9.3341,1.7177
730,50.293,7.1187,1.8299
731,50.3619,7.2971,1.8784
732,50.4308,8.6089,1.494
733,50.4997,8.9154,2.0019
734,50.5686,11.0738,1.9259
735,50.6375,14.033,2.0262
736,50.7063,19.4218,1.9182
737,50.7752,16.5085,1.9237
738,50.8441,15.6688,1.9474
739,50.913,9.8832,1.5282
740,50.9819,6.5296,1.4529
741,51.0508,4.0962,1.8151
742,51.1197,4.4732,1.6353
743,51.1886,5.6882,1.8947
744,51.2575,8.6877,2.113
745,51.3264,11.1244,2.4737
746,51.3953,12.222,3.2592
747,51.4642,10.8288,3.8065
748,51.5331,13.9547,4.6455
749,51.602,20.4925,4.9373
750,51.6709,25.3396,4.1001
751,51.7398,26.4529,4.7479
752,51.8087,27.7691,6.1318
753,51.8776,33.8126,6.9695
754,51.9464,45.7454,8.7496
755,52.0153,55.6769,11.8291
756,52.0842,66.8545,15.1817
757,52.1531,69.7239,16.5423
758,52.222,61.1837,13.9177
759,52.2909,47.0825,11.5359
760,52.3598,34.7999,8.8806
761,52.4287,24.4876,7.3757
762,52.4976,23.6087,6.3212
763,52.5665,20.4343,5.5274
764,52.6354,14.1258,4.6743
765,52.7043,7.0419,3.4032
766,52.7732,6.2641,1.9417
767,52.8421,3.7924,1.6563
768,52.911,3.0211,0.8548
769,52.9799,2.6867,1.2087
770,53.0488,3.338,1.6565
771,53.1177,2.7905,1.3738
772,53.1866,2.5513,1.0124
773,53.2554,3.6718,0.5423
774,53.3243,3.8745,0.9264
775,53.3932,4.6688,1.4163
776,53.4621,4.8224,1.5862
777,53.531,5.4896,1.6852
778,53.5999,5.2158,1.7632
779,53.6688,6.6705,1.6713
780,53.7377,4.5381,2.3666
781,53.8066,4.4148,1.9741
782,53.8755,6.1032,2.3724
783,53.9444,6.2823,2.6778
784,54.0133,6.8241,2.6389
785,54.0822,4.126,2.0449
786,54.1511,3.0176,2.048
787,54.22,2.1416,2.1555
788,54.2889,1.8229,1.4466
789,54.3578,1.2119,0.791
790,54.4267,1.513,0.7252
791,54.4955,2.237,1.2987
792,54.5644,1.2524,1.274
793,54.6333,1.0039,0.9919
794,54.7022,1.4425,1.0828
795,54.7711,1.7312,1.2053
796,54.84,1.9041,1.3624
797,54.9089,2.0777,1.2342
798,54.9778,2.4828,0.832
799,55.0467,2.7635,0.6913
800,55.1156,3.3488,1.4042
801,55.1845,3.5366,0.7778
802,55.2534,3.6362,1.1035
803,55.3223,4.3032,1.3602
804,55.3912,7.2306,1.6725
805,55.4601,8.1581,1.4725
806,55.529,11.4777,2.0382
807,55.5979,11.0343,2.4614
808,55.6668,12.9763,3.0448
809,55.7356,18.4442,3.7657
810,55.8045,23.7735,5.1472
811,55.8734,29.727,6.3453
812,55.9423,39.7567,8.1313
813,56.0112,43.1654,9.114
814,56.0801,43.3207,7.5933
815,56.149,37.7034,6.7611
816,56.2179,30.4876,6.2989
817,56.2868,30.9934,5.9979
818,56.3557,26.3121,5.1693
819,56.4246,21.0269,5.545
820,56.4935,19.5156,5.1325
821,56.5624,17.3723,5.0689
822,56.6313,18.9036,3.8114
823,56.7002,16.4818,4.0035
824,56.7691,16.1565,4.7569
825,56.838,21.1883,3.5129
826,56.9069,19.877,3.5742
827,56.9757,16.2263,3.0318
828,57.0446,12.2187,3.6972
829,57.1135,12.7352,3.6493
830,57.1824,14.4127,4.4404
831,57.2513,22.7812,4.4868
832,57.3202,34.6197,5.2074
833,57.3891,48.1486,6.1036
834,57.458,60.999,7.1941
835,57.5269,67.9638,8.2799
836,57.5958,39.5313,5.5143
837,57.6647,23.9636,3.1608
838,57.7336,16.4717,2.6525
839,57.8025,10.6638,2.1313
840,57.8714,7.5716,1.6678
841,57.9403,9.4496,1.7407
842,58.0092,9.8948,1.8415
843,58.0781,9.2136,2.2463
844,58.147,8.6966,2.8111
845,58.2159,8.0322,2.5199
846,58.2847,4.0379,1.9038
847,58.3536,3.2386,1.2953
848,58.4225,3.4531,1.3495
849,58.4914,4.3065,1.6782
850,58.5603,3.2985,1.977
851,58.6292,3.003,1.3419
852,58.6981,2.7539,1.2796
853,58.767,2.4311,1.1251
854,58.8359,1.8024,1.0326
855,58.9048,2.4775,1.0207
856,58.9737,1.7232,0.8549
857,59.0426,2.1221,0.7294
858,59.1115,2.6801,1.0324
859,59.1804,2.7342,0.6427
860,59.2493,3.1147,0.9955
861,59.3182,2.8634,0.7574
862,59.3871,4.1086,1.3326
863,59.456,8.0448,1.6215
864,59.5248,13.0961,2.1427
865,59.5937,21.1715,2.7817
866,59.6626,28.1133,4.2141
867,59.7315,35.7208,5.5551
868,59.8004,35.3559,9.1333
869,59.8693,29.7673,11.3588
870,59.9382,22.0446,11.1785
871,60.0071,15.5077,8.976
872,60.076,10.6817,7.4698
873,60.1449,9.4758,3.835
874,60.2138,5.723,3.181
875,60.2827,4.3251,2.6535
876,60.3516,3.0293,1.6956
877,60.4205,2.6661,1.7593
878,60.4894,3.095,1.7301
879,60.5583,3.2777,1.8974
880,60.6272,3.3887,1.1083
881,60.6961,4.0591,1.4406
882,60.7649,6.9371,1.8672
883,60.8338,7.5624,1.7672
884,60.9027,6.0479,2.0114
885,60.9716,6.0289,2.2762
886,61.0405,6.45,3.144
887,0.0,56.6733,13.0044
888,0.0689,41.1846,12.3233
889,0.1378,30.6655,9.3869
890,0.2067,25.8357,7.2205
891,0.2756,25.3182,5.3691
892,0.3445,19.2851,5.0178
893,0.4134,17.1577,4.4311
894,0.4823,14.6851,4.3144
895,0.5512,11.4699,4.1309
896,0.6201,8.1987,3.3145
897,0.6889,7.5984,2.8987
898,0.7578,7.9394,2.2579
899,0.8267,8.8071,1.6413
900,0.8956,10.4638,1.8609
901,0.9645,12.6287,1.8562
902,1.0334,14.8309,2.0505
903,1.1023,14.9919,2.533
904,1.1712,12.7233,2.3562
905,1.2401,9.081,2.8431
906,1.309,6.7378,2.8283
907,1.3779,4.9122,3.2276
908,1.4468,4.0073,2.8037
909,1.5157,3.6134,2.5221
910,1.5846,2.8554,2.1462
911,1.6535,3.0398,1.7727
912,1.7224,2.8249,1.3134
913,1.7913,2.1735,1.6702
914,1.8602,1.5202,1.0333
915,1.929,0.4639,0.5725
916,1.9979,1.4864,0.6393
917,2.0668,1.4883,1.0464
918,2.1357,1.1979,0.8955
919,2.2046,1.9238,1.2757
920,2.2735,2.7314,1.4365
921,2.3424,5.7968,0.9741
922,2.4113,5.915,0.7831
923,2.4802,5.9872,1.2449
924,2.5491,5.9513,1.3385
925,2.618,6.3843,2.087
926,2.6869,5.9529,2.0365
927,2.7558,6.7461,2.823
928,2.8247,5.4833,2.4821
929,2.8936,4.6494,2.0475
930,2.9625,3.3426,1.303
931,3.0314,3.0292,1.3936
932,3.1003,1.6033,1.2913
933,3.1691,2.555,1.389
934,3.238,3.3022,0.9499
935,3.3069,5.9672,0.9768
936,3.3758,10.287,0.8175
937,3.4447,13.1478,1.1767
938,3.5136,14.5593,1.9516
939,3.5825,13.5213,2.1641
940,3.6514,12.8659,1.8609
941,3.7203,12.0854,2.0132
942,3.7892,14.0864,2.7471
943,3.8581,13.9009,3.6921
944,3.927,14.5383,3.8591
945,3.9959,14.1992,4.1163
946,4.0648,18.6306,5.6527
947,4.1337,21.3822,5.5999
948,4.2026,25.0047,4.9987
949,4.2715,21.9387,4.3897
950,4.3404,14.2643,3.6743
951,4.4092,6.9598,2.8609
952,4.4781,4.1703,1.7659
953,4.547,3.9563,2.1233
954,4.6159,3.4362,1.669
955,4.6848,3.8708,1.7459
956,4.7537,4.7185,2.0822
957,4.8226,5.0141,2.1667
958,4.8915,5.3228,2.1844
959,4.9604,5.3669,1.9004
960,5.0293,4.5292,1.8671
961,5.0982,2.7853,1.1536
962,5.1671,2.7438,1.7941
963,5.236,3.0209,1.805
964,5.3049,4.0873,1.6787
965,5.3738,4.7871,2.2924
966,5.4427,4.8404,2.1099
967,5.5116,6.6959,3.1208
968,5.5805,9.7134,2.53
969,5.6493,8.5645,2.3616
970,5.7182,8.7103,2.4861
971,5.7871,6.5553,2.628
972,5.856,8.3224,2.4473
973,5.9249,9.0071,2.3749
974,5.9938,9.8112,1.6391
975,6.0627,11.0294,1.4618
976,6.1316,15.2969,2.0335
977,6.2005,19.3104,3.3447
978,6.2694,32.1954,4.4574
979,6.3383,38.3057,5.2075
980,6.4072,52.2124,6.6761
981,6.4761,65.3546,9.7199
982,6.545,66.3991,10.2408
983,6.6139,63.1098,10.7374
984,6.6828,51.0522,11.4873
985,6.7517,33.5842,9.4594
986,6.8206,22.3967,6.3125
987,6.8894,15.3528,4.8583
988,6.9583,10.7504,3.52
989,7.0272,9.0322,2.1879
990,7.0961,6.507,2.1821
991,7.165,6.4513,2.5873
992,7.2339,5.8499,3.1818
993,7.3028,7.1364,3.1326
994,7.3717,7.6342,3.4674
995,7.4406,7.0079,2.6658
996,7.5095,6.8783,1.868
997,7.5784,3.9732,1.6851
998,7.6473,4.6398,2.4707
999,7.7162,3.4767,2.6999
1000,7.7851,3.5367,1.9783
1001,7.854,3.3077,2.1302
1002,7.9229,4.0732,2.4384
1003,7.9918,4.1845,2.1373
1004,8.0607,3.0281,2.5078
1005,8.1296,4.1841,2.7743
1006,8.1984,4.4424,2.8318
1007,8.2673,5.3837,2.3885
1008,8.3362,8.6556,3.3016
1009,8.4051,10.2597,3.4934
1010,8.474,11.1539,3.2682
1011,8.5429,9.3681,2.7599
1012,8.6118,7.0275,2.1542
1013,8.6807,5.3694,2.0182
1014,8.7496,5.7883,2.4238
1015,8.8185,8.1877,2.7281
1016,8.8874,10.8835,2.5005
1017,8.9563,9.8608,3.2652
1018,9.0252,8.6186,2.1764
1019,9.0941,7.9131,2.2646
1020,9.163,6.9688,2.7492
1021,9.2319,7.2666,2.4926
1022,9.3008,4.7988,1.847
1023,9.3697,4.5595,1.237
1024,9.4385,3.0711,0.8911
1025,9.5074,4.0421,1.4695
1026,9.5763,7.4483,1.3314
1027,9.6452,10.6408,1.4941
1028,9.7141,9.9255,1.1526
1029,9.783,9.457,1.4506
1030,9.8519,7.6337,1.7505
1031,9.9208,7.9389,1.1568
1032,9.9897,8.5692,1.413
1033,10.0586,10.6209,2.0065
1034,10.1275,13.1186,1.9273
1035,10.1964,16.2492,2.1735
1036,10.2653,14.3807,1.9527
1037,10.3342,13.0335,1.2539
1038,10.4031,9.9399,1.8528
1039,10.472,9.6452,2.4572
1040,10.5409,8.7767,2.3818
1041,10.6098,10.9276,2.8716
1042,10.6786,16.3367,3.0191
1043,10.7475,13.9085,3.9729
1044,10.8164,20.5802,4.7283
1045,10.8853,31.5821,7.3384
1046,10.9542,41.8236,8.261
1047,11.0231,51.1359,8.4942
1048,11.092,48.0582,8.7548
1049,11.1609,44.724,8.6899
1050,11.2298,46.5937,8.8482
1051,11.2987,46.7305,8.7588
1052,11.3676,47.2499,8.6791
1053,11.4365,28.0891,8.7883
1054,11.5054,19.8354,7.4646
1055,11.5743,16.4278,6.3179
1056,11.6432,12.4454,3.7435
1057,11.7121,9.6173,2.5213
1058,11.781,8.3673,1.7054
1059,11.8499,6.2344,1.7896
1060,11.9187,5.3161,1.651
1061,11.9876,4.0328,1.5709
1062,12.0565,3.5635,1.1877
1063,12.1254,2.6703,1.7046
1064,12.1943,3.5377,2.2295
1065,12.2632,3.3798,1.8153
1066,12.3321,2.8617,2.1368
1067,12.401,2.8179,2.6934
1068,12.4699,3.1063,2.3092
1069,12.5388,2.7198,1.7807
1070,12.6077,2.2638,2.0328
1071,12.6766,3.2391,1.7572
1072,12.7455,4.0677,1.6703
1073,12.8144,5.7408,1.5533
1074,12.8833,4.6957,1.4625
1075,12.9522,3.4225,1.6071
1076,13.0211,3.1218,1.8717
1077,13.09,5.0088,1.5423
1078,13.1588,2.6311,2.0954
1079,13.2277,3.2619,1.722
1080,13.2966,4.0383,2.0261
1081,13.3655,6.1416,2.5446
1082,13.4344,7.7683,3.3055
1083,13.5033,10.3503,2.342
1084,13.5722,13.1702,1.9917
1085,13.6411,10.8028,1.9016
1086,13.71,5.1127,2.2565
1087,13.7789,3.9684,1.8858
1088,13.8478,3.3106,1.2941
1089,13.9167,2.6115,1.3275
1090,13.9856,3.269,0.8094
1091,14.0545,3.8466,0.9235
1092,14.1234,2.5331,0.7768
1093,14.1923,2.3325,1.3392
1094,14.2612,1.9754,0.7267
1095,14.3301,1.4422,0.9661
1096,14.3989,2.2623,1.3179
1097,14.4678,2.4242,1.2794
1098,14.5367,2.9588,1.6209
1099,14.6056,3.7717,1.4634
1100,14.6745,3.9043,1.5374
1101,14.7434,4.3066,1.6084
1102,14.8123,6.316,1.9615
1103,14.8812,7.9186,1.3966
1104,14.9501,10.2081,2.1791
1105,15.019,8.8979,2.1425
1106,15.0879,9.6171,2.2295
1107,15.1568,13.5367,2.9171
1108,15.2257,20.3612,3.3697
1109,15.2946,22.2482,3.6906
1110,15.3635,24.8045,4.2016
1111,15.4324,26.272,5.0047
1112,15.5013,26.9931,4.6801
1113,15.5702,31.0966,4.5478
1114,15.6391,32.3817,4.2005
1115,15.7079,21.7813,4.4095
1116,15.7768,16.8415,3.5844
1117,15.8457,9.1826,3.4394
1118,15.9146,5.5797,3.5674
1119,15.9835,5.8295,3.641
1120,16.0524,6.7771,4.0838
1121,16.1213,7.1589,3.2756
1122,16.1902,6.9967,1.5668
1123,16.2591,5.6563,1.275
1124,16.328,2.909,1.2146
1125,16.3969,4.2177,0.9354
1126,16.4658,3.467,1.1164
1127,16.5347,4.2918,0.9536
1128,16.6036,4.947,0.966
1129,16.6725,5.0613,1.1852
1130,16.7414,4.0588,1.1731
1131,16.8103,4.7503,1.0845
1132,16.8792,4.9385,1.4586
1133,16.948,5.5001,1.6753
1134,17.0169,6.3105,1.3525
1135,17.0858,7.6992,1.2316
1136,17.1547,6.9173,2.0184
1137,17.2236,4.786,2.6164
1138,17.2925,5.0976,2.1805
1139,17.3614,7.9363,2.0553
1140,17.4303,11.4859,1.8368
1141,17.4992,8.7925,1.8467
1142,17.5681,7.4949,2.6608
1143,17.637,3.9676,2.1201
1144,17.7059,2.8966,2.4351
1145,17.7748,3.1744,2.1906
1146,17.8437,3.1028,2.6667
1147,17.9126,2.7205,3.3912
1148,17.9815,2.882,3.1808
1149,18.0504,3.935,2.7892
1150,18.1193,5.9909,2.3663
1151,18.1881,6.7995,2.4218
1152,18.257,4.8803,2.5783
1153,18.3259,5.2302,2.6603
1154,18.3948,6.8015,2.9356
1155,18.4637,8.1657,3.0705
1156,18.5326,8.9097,2.3947
1157,18.6015,7.0496,1.8782
1158,18.6704,3.7066,1.6346
1159,18.7393,4.1612,1.7225
1160,18.8082,6.1337,1.7862
1161,18.8771,9.3602,1.9351
1162,18.946,10.2941,2.8899
1163,19.0149,7.8243,2.7378
1164,19.0838,6.8592,3.7532
1165,19.1527,5.7007,4.489
1166,19.2216,6.7148,3.096
1167,19.2905,7.3498,2.7954
1168,19.3594,9.2973,3.8401
1169,19.4282,14.3722,4.8154
1170,19.4971,22.6084,5.3102
1171,19.566,31.337,6.6259
1172,19.6349,42.3735,7.1086
1173,19.7038,63.2659,9.9133
1174,19.7727,85.7486,12.5888
1175,19.8416,88.993,15.0874
1176,19.9105,67.0136,15.462
1177,19.9794,39.5484,15.0174
1178,20.0483,17.5934,10.9955
1179,20.1172,6.9748,5.8236
1180,20.1861,3.8745,2.5762
1181,20.255,3.196,1.865
1182,20.3239,1.7577,0.7821
1183,20.3928,1.2425,0.9557
1184,20.4617,1.0463,0.8908
1185,20.5306,2.0856,1.0231
1186,20.5995,2.0132,0.9799
1187,20.6683,2.0279,1.1742
1188,20.7372,2.496,1.2088
1189,20.8061,2.8982,1.6993
1190,20.875,2.6864,1.5782
1191,20.9439,4.996,1.9152
1192,21.0128,6.8834,2.9985
1193,21.0817,8.7664,3.3725
1194,21.1506,9.7118,1.9916
1195,21.2195,11.1676,1.5556
1196,21.2884,8.8945,1.6055
1197,21.3573,7.9599,2.0727
1198,21.4262,5.8277,2.2046
1199,21.4951,7.1722,2.7545
1200,21.564,7.0004,2.9388
1201,21.6329,7.7523,2.759
1202,21.7018,7.261,2.7932
1203,21.7707,6.9338,3.0613
1204,21.8396,4.4815,2.3617
1205,21.9084,3.7163,1.7778
1206,21.9773,3.4537,1.5934
1207,22.0462,3.4813,1.3026
1208,22.1151,4.2291,1.4231
1209,22.184,5.905,1.4812
1210,22.2529,5.5687,1.798
1211,22.3218,5.6476,2.8825
1212,22.3907,3.5628,1.9584
1213,22.4596,2.5704,0.8751
1214,22.5285,4.0197,0.8872
1215,22.5974,4.8326,1.1192
1216,22.6663,3.8559,1.1695
1217,22.7352,4.0732,0.8648
1218,22.8041,3.3217,0.8933
1219,22.873,1.9579,1.236
1220,22.9419,2.7745,1.84
1221,23.0108,2.9273,2.42
1222,23.0797,3.2864,1.7343
1223,23.1486,5.5568,2.6785
1224,23.2174,7.6886,2.9838
1225,23.2863,12.0454,2.9187
1226,23.3552,9.0713,3.0078
1227,23.4241,8.4262,2.5161
1228,23.493,6.2477,2.4774
1229,23.5619,4.5241,1.9317
1230,23.6308,3.3829,2.239
1231,23.6997,3.98,1.964
1232,23.7686,3.3398,1.4366
1233,23.8375,5.6985,1.4323
1234,23.9064,6.5742,2.3935
1235,23.9753,11.7013,2.7488
1236,24.0442,17.029,3.2914
1237,24.1131,21.6154,4.3859
1238,24.182,23.989,5.5785
1239,24.2509,22.3076,4.3637
1240,24.3198,20.912,3.9082
1241,24.3887,14.6095,2.6485
1242,24.4575,10.5759,2.5795
1243,24.5264,11.1309,3.1839
1244,24.5953,15.6016,2.5055
1245,24.6642,20.1708,2.8182
1246,24.7331,29.5935,3.3638
1247,24.802,23.6121,5.0719
1248,24.8709,16.4208,4.9968
1249,24.9398,10.8051,5.2034
1250,25.0087,10.9025,3.7816
1251,25.0776,12.2935,4.3878
1252,25.1465,16.0683,5.2593
1253,25.2154,16.6557,6.0382
1254,25.2843,14.3145,7.0941
1255,25.3532,13.5303,7.456
1256,25.4221,10.3329,6.3642
1257,25.491,8.1976,5.4587
1258,25.5599,7.2809,5.228
1259,25.6288,5.9874,3.2463
1260,25.6976,4.8815,3.1766
1261,25.7665,5.2037,2.7569
1262,25.8354,4.9545,3.0549
1263,25.9043,6.7913,2.6171
1264,25.9732,9.1512,2.8266
1265,26.0421,12.7668,2.4518
1266,26.111,18.2153,2.1235
1267,26.1799,20.2806,2.1656
1268,26.2488,20.2485,1.6483
1269,26.3177,13.1155,2.1512
1270,26.3866,4.7847,1.693
1271,26.4555,2.6028,1.8142
1272,26.5244,1.9557,1.4913
1273,26.5933,1.6706,1.1463
1274,26.6622,2.6817,0.9778
1275,26.7311,4.1022,1.3818
1276,26.8,4.7563,1.8375
1277,26.8689,3.1996,2.432
1278,26.9377,2.0878,2.403
1279,27.0066,3.6693,1.8286
1280,27.0755,3.5429,2.1013
1281,27.1444,4.0809,2.3222
1282,27.2133,3.4008,2.6043
1283,27.2822,3.2002,2.4494
1284,27.3511,2.7864,2.2113
1285,27.42,3.2725,2.3351
1286,27.4889,4.1764,3.3386
1287,27.5578,6.5298,4.2636
1288,27.6267,11.3251,4.5356
1289,27.6956,16.8653,6.4682
1290,27.7645,19.037,5.7232
1291,27.8334,18.1203,6.82
1292,27.9023,15.3513,6.2111
1293,27.9712,12.2724,4.9094
1294,28.0401,15.111,3.6933
1295,28.109,14.1698,4.2154
1296,28.1778,20.2756,4.8574
1297,28.2467,22.5974,5.7205
1298,28.3156,20.7372,5.8489
1299,28.3845,19.3444,5.0949
1300,28.4534,11.4536,4.024
1301,28.5223,7.5633,3.5407
1302,28.5912,5.1089,2.5452
1303,28.6601,6.8757,2.1529
1304,28.729,9.5733,2.5877
1305,28.7979,8.0086,3.5102
1306,28.8668,7.7421,2.858
1307,28.9357,8.146,2.7832
1308,29.0046,7.0479,2.4131
1309,29.0735,5.4017,2.9299
1310,29.1424,4.7342,3.0511
1311,29.2113,3.3254,2.1015
1312,29.2802,2.9404,2.258
1313,29.3491,4.7354,1.6536
1314,29.4179,5.6397,1.7916
1315,29.4868,8.339,2.1044
1316,29.5557,8.8483,3.3742
1317,29.6246,7.7647,4.3294
1318,29.6935,5.9176,4.1913
1319,29.7624,3.6795,2.3087
1320,29.8313,3.0468,1.4496
1321,29.9002,3.294,1.2962
1322,29.9691,3.9606,1.3833
1323,30.038,3.6282,1.1095
1324,30.1069,3.6489,1.1835
1325,30.1758,6.0615,0.7438
1326,30.2447,5.8655,1.0174
1327,30.3136,9.0036,1.1238
1328,30.3825,10.7156,1.4216
1329,30.4514,9.2393,1.7232
1330,30.5203,8.0227,1.3413
1331,30.5892,5.6158,1.8379
1332,30.6581,5.4222,1.368
1333,30.7269,6.4396,1.606
1334,30.7958,5.8137,1.6707
1335,30.8647,6.5573,1.8824
1336,30.9336,8.4332,1.9553
1337,31.0025,7.3524,2.4758
1338,31.0714,7.345,3.0302
1339,31.1403,8.4751,3.677
1340,31.2092,9.136,2.9374
1341,31.2781,9.0755,3.4829
1342,31.347,13.235,4.0358
1343,31.4159,15.4336,4.2689
1344,31.4848,20.5572,4.7684
1345,31.5537,25.6557,5.2531
1346,31.6226,21.9771,3.1051
1347,31.6915,13.1518,3.8668
1348,31.7604,9.8622,3.9558
1349,31.8293,11.6221,3.992
1350,31.8982,12.8227,3.2932
1351,31.967,12.9101,4.5746
1352,32.0359,14.6892,3.2515
1353,32.1048,13.6441,2.8789
1354,32.1737,14.1671,3.073
1355,32.2426,16.372,2.4366
1356,32.3115,11.0291,1.9227
1357,32.3804,7.7655,1.7646
1358,32.4493,7.2188,1.336
1359,32.5182,7.261,1.5116
1360,32.5871,8.3034,1.3802
1361,32.656,8.6956,1.8948
1362,32.7249,11.3838,1.8417
1363,32.7938,12.4216,1.6629
1364,32.8627,12.5,2.1823
1365,32.9316,11.3012,3.3956
1366,33.0005,15.1523,3.4678
1367,33.0694,17.0495,4.9738
1368,33.1383,17.6602,5.0467
1369,33.2071,10.2068,4.6624
1370,33.276,4.5772,4.4997
1371,33.3449,3.5868,3.9042
1372,33.4138,4.7907,3.1479
1373,33.4827,5.4682,3.2433
1374,33.5516,5.1094,2.7184
1375,33.6205,7.8588,3.4451
1376,33.6894,6.5874,2.4258
1377,33.7583,4.9046,1.994
1378,33.8272,3.6117,1.5824
1379,33.8961,2.4382,1.6983
1380,33.965,3.4927,1.6387
1381,34.0339,3.5592,1.7066
1382,34.1028,6.2132,2.2637
1383,34.1717,6.2158,2.6189
1384,34.2406,10.4992,4.5525
1385,34.3095,14.526,4.9248
1386,34.3784,20.0479,6.6677
1387,34.4472,20.9306,8.4016
1388,34.5161,25.421,10.325
1389,34.585,32.7953,12.7959
1390,34.6539,43.6952,10.5609
1391,34.7228,50.165,11.0789
1392,34.7917,54.1541,13.3775
1393,34.8606,52.4247,14.7574
1394,34.9295,43.2084,16.1396
1395,34.9984,36.002,13.879
1396,35.0673,28.3841,10.6848
1397,35.1362,18.9265,8.2605
1398,35.2051,11.1457,5.4699
1399,35.274,8.9748,3.6214
1400,35.3429,7.1172,3.0528
1401,35.4118,6.1893,1.8744
1402,35.4807,7.6154,2.6126
1403,35.5496,4.781,2.3563
1404,35.6185,4.2933,3.5584
1405,35.6873,3.8138,3.212
1406,35.7562,4.7188,2.8278
1407,35.8251,3.836,3.1708
1408,35.894,4.1899,3.5255
1409,35.9629,5.8188,3.1092
1410,36.0318,7.9745,2.2933
1411,36.1007,8.482,2.0185
1412,36.1696,10.9036,2.5207
1413,36.2385,10.2416,2.1432
1414,36.3074,7.711,2.5413
1415,36.3763,7.8409,3.2531
1416,36.4452,8.3615,3.3705
1417,36.5141,12.1989,3.7366
1418,36.583,13.7412,4.0773
1419,36.6519,11.4948,3.4907
1420,36.7208,8.1874,2.4435
1421,36.7897,5.3283,1.0706
1422,36.8586,4.0339,1.1319
1423,36.9274,3.3245,1.67
1424,36.9963,3.2239,1.6189
1425,37.0652,2.7333,1.9416
1426,37.1341,2.4986,3.7929
1427,37.203,3.3852,2.9716
1428,37.2719,4.1225,2.5091
1429,37.3408,3.932,2.8998
1430,37.4097,5.2671,2.2923
1431,37.4786,6.2688,3.2191
1432,37.5475,6.2349,4.1331
1433,37.6164,5.331,3.7393
1434,37.6853,7.1249,3.4728
1435,37.7542,8.1339,3.6648
1436,37.8231,8.1229,3.4837
1437,37.892,8.3591,3.354
1438,37.9609,8.9221,3.161
1439,38.0298,9.9769,3.7877
1440,38.0987,12.1024,3.8415
1441,38.1675,13.7094,4.1076
1442,38.2364,14.253,4.199
1443,38.3053,11.2484,3.5635
1444,38.3742,8.8122,3.0313
1445,38.4431,6.8257,2.2986
1446,38.512,7.2215,2.2495
1447,38.5809,7.6755,1.1482
1448,38.6498,5.9601,1.4481
1449,38.7187,6.2756,2.4266
1450,38.7876,7.6727,2.6304
1451,38.8565,7.9724,1.47
1452,38.9254,8.99,1.514
1453,38.9943,9.3362,1.9099
1454,39.0632,11.6176,2.7158
1455,39.1321,14.1275,3.0784
1456,39.201,14.9433,1.9524
1457,39.2699,13.22,1.891
1458,39.3388,13.5212,2.7994
1459,39.4076,14.1436,3.3985
1460,39.4765,14.8466,3.9313
1461,39.5454,10.9097,4.1961
1462,39.6143,6.5834,3.7024
1463,39.6832,5.3826,3.963
1464,39.7521,6.8743,3.7786
1465,39.821,5.8966,2.8576
1466,39.8899,7.4212,3.2807
1467,39.9588,10.2406,3.0287
1468,40.0277,11.7366,2.8345
1469,40.0966,10.1798,2.8308
1470,40.1655,10.6877,3.1434
1471,40.2344,9.7973,3.535
1472,40.3033,12.9442,4.8006
1473,40.3722,17.9937,5.5755
1474,40.4411,20.1028,6.4471
1475,40.51,23.0028,5.849
1476,40.5789,17.742,5.2796
1477,40.6478,13.4268,4.5097
1478,40.7166,9.6954,4.7267
1479,40.7855,6.6594,3.5377
1480,40.8544,4.7943,3.1514
1481,40.9233,6.0099,3.6901
1482,40.9922,6.8543,3.1332
1483,41.0611,9.5551,2.8663
1484,41.13,10.7345,2.9254
1485,41.1989,13.7804,2.917
1486,41.2678,20.6711,3.3385
1487,41.3367,29.531,4.0251
1488,41.4056,29.1744,3.7329
1489,41.4745,27.531,4.0438
1490,41.5434,24.7859,4.5003
1491,41.6123,20.1358,4.1614
1492,41.6812,17.7336,2.8402
1493,41.7501,16.9076,2.9908
1494,41.819,11.4733,2.5505
1495,41.8879,12.5797,2.6249
1496,41.9567,14.9898,2.8458
1497,42.0256,19.251,3.105
1498,42.0945,18.3779,2.4894
1499,42.1634,14.4997,2.1971
1500,42.2323,11.0302,2.2562
1501,42.3012,7.6539,2.2177
1502,42.3701,5.2803,2.088
1503,42.439,4.8757,2.0717
1504,42.5079,4.0159,1.8084
1505,42.5768,3.0698,2.3287
1506,42.6457,4.8237,2.4826
1507,42.7146,5.136,2.724
1508,42.7835,3.8318,1.6665
1509,42.8524,4.168,1.7781
1510,42.9213,2.7133,1.4131
1511,42.9902,1.804,1.4756
1512,43.0591,1.7299,1.3497
1513,43.128,1.4597,1.4377
1514,43.1968,2.8797,1.1558
1515,43.2657,3.2612,1.2355
1516,43.3346,3.9548,1.4443
1517,43.4035,5.0582,1.5657
1518,43.4724,4.1446,2.3707
1519,43.5413,4.9198,2.6814
1520,43.6102,4.4764,1.9349
1521,43.6791,4.4489,2.2181
1522,43.748,4.4123,2.2631
1523,43.8169,4.9677,2.4045
1524,43.8858,5.0638,2.4838
1525,43.9547,3.8974,2.0146
1526,44.0236,4.639,1.6994
1527,44.0925,8.3867,2.6051
1528,44.1614,10.9089,2.4425
1529,44.2303,9.6599,2.6698
1530,44.2992,10.4182,2.6412
1531,44.3681,11.6897,2.3804
1532,44.437,10.559,2.8253
1533,44.5058,13.5682,3.0134
1534,44.5747,11.532,2.9488
1535,44.6436,13.527,3.0145
1536,44.7125,21.6484,4.9501
1537,44.7814,32.8545,6.7981
1538,44.8503,39.4571,8.9563
1539,44.9192,35.8332,10.5172
1540,44.9881,29.3391,9.5194
1541,45.057,21.344,8.2454
1542,45.1259,18.67,7.704
1543,45.1948,28.5199,8.5137
1544,45.2637,31.4485,9.0669
1545,45.3326,35.3338,8.0038
1546,45.4015,28.3526,5.9948
1547,45.4704,21.9904,5.3865
1548,45.5393,19.7769,4.6631
1549,45.6082,17.1323,4.1808
1550,45.6771,12.3412,4.05
1551,45.7459,12.9377,3.8127
1552,45.8148,10.2577,2.7506
1553,45.8837,6.5297,3.081
1554,45.9526,4.5923,2.3093
1555,46.0215,2.9415,2.4298
1556,46.0904,4.4205,2.0134
1557,46.1593,4.7364,1.3618
1558,46.2282,3.7819,0.9352
1559,46.2971,1.8317,1.1954
1560,46.366,1.9205,1.807
1561,46.4349,1.9661,0.852
1562,46.5038,1.7409,0.7781
1563,46.5727,2.0263,1.2313
1564,46.6416,1.7635,1.4459
1565,46.7105,1.6776,1.4152
1566,46.7794,0.9954,1.1345
1567,46.8483,1.1411,0.8565
1568,46.9172,1.4282,0.7508
1569,46.986,1.4903,0.871
1570,47.0549,1.9945,0.648
1571,47.1238,2.4449,0.9123
1572,47.1927,3.6992,1.4424
1573,47.2616,4.8771,1.212
1574,47.3305,4.7672,0.8537
1575,47.3994,5.2502,1.53
1576,47.4683,4.3693,1.522
1577,47.5372,3.7954,1.338
1578,47.6061,3.4136,1.7268
1579,47.675,2.5306,2.0482
1580,47.7439,4.1609,1.8891
1581,47.8128,3.576,1.7917
1582,47.8817,3.4911,2.0122
1583,47.9506,3.602,2.3223
1584,48.0195,4.9813,2.0016
1585,48.0884,5.5373,2.9016
1586,48.1573,5.8526,3.1201
1587,48.2261,5.5266,3.4654
1588,48.295,6.29,3.1311
1589,48.3639,6.2876,2.9743
1590,48.4328,7.0634,3.3607
1591,48.5017,6.8539,2.9751
1592,48.5706,6.4208,3.7131
1593,48.6395,9.7414,3.6271
1594,48.7084,8.5453,3.7972
1595,48.7773,8.1436,3.3816
1596,48.8462,6.1476,4.4318
1597,48.9151,5.1057,4.7167
1598,48.984,4.7919,3.9425
1599,49.0529,4.2877,2.5138
1600,49.1218,2.935,2.6474
1601,49.1907,2.8324,1.5474
1602,49.2596,2.2108,1.6244
1603,49.3285,2.9579,2.2493
1604,49.3974,1.2903,2.575
1605,49.4662,0.9769,1.7905
1606,49.5351,2.3644,1.7107
1607,49.604,3.5448,1.9138
1608,49.6729,4.8086,2.0906
1609,49.7418,4.9627,2.4221
1610,49.8107,5.2805,2.0469
1611,49.8796,2.9728,1.8409
1612,49.9485,2.1905,2.334
1613,50.0174,2.3795,2.9866
1614,50.0863,3.3113,2.6723
1615,50.1552,3.5066,2.5894
1616,50.2241,4.3558,2.1243
1617,50.293,6.4508,2.3207
1618,50.3619,10.0737,3.6694
1619,50.4308,11.7595,3.1822
1620,50.4997,14.977,3.2964
1621,50.5686,12.4069,3.4814
1622,50.6375,14.2174,3.4668
1623,50.7063,14.7977,2.6985
1624,50.7752,15.4126,3.4406
1625,50.8441,11.3338,1.9473
1626,50.913,13.5977,2.3789
1627,50.9819,13.883,3.084
1628,51.0508,15.7912,3.3712
1629,51.1197,21.9274,3.4271
1630,51.1886,21.2445,4.0197
1631,51.2575,18.8794,2.8399
1632,51.3264,16.0978,3.4318
1633,51.3953,17.346,3.958
1634,51.4642,19.4686,3.6789
1635,51.5331,19.22,3.2737
1636,51.602,15.3518,3.8694
1637,51.6709,13.4621,3.7254
1638,51.7398,10.8562,2.6232
1639,51.8087,6.9401,1.9911
1640,51.8776,4.9073,1.9359
1641,51.9464,4.481,1.6051
1642,52.0153,3.3255,2.1834
1643,52.0842,4.718,2.4153
1644,52.1531,10.9791,3.6109
1645,52.222,15.2408,6.0391
1646,52.2909,14.1302,6.2262
1647,52.3598,22.5741,7.2713
1648,52.4287,40.5012,10.7384
1649,52.4976,62.1894,13.9787
1650,52.5665,51.7834,14.4408
1651,52.6354,31.3285,10.5419
1652,52.7043,20.0453,6.8348
1653,52.7732,9.7873,3.1662
1654,52.8421,8.1807,1.7458
1655,52.911,8.0054,2.0314
1656,52.9799,6.6337,2.8183
1657,53.0488,6.4891,1.9848
1658,53.1177,7.4221,1.3752
1659,53.1866,5.4053,1.6154
1660,53.2554,5.3333,1.8723
1661,53.3243,5.618,1.5114
1662,53.3932,4.5833,1.7661
1663,53.4621,5.4112,1.4729
1664,53.531,6.2863,2.4726
1665,53.5999,7.1175,2.4501
1666,53.6688,6.4245,2.12
1667,53.7377,5.9576,2.9115
1668,53.8066,5.7479,3.2586
1669,53.8755,3.6884,2.3816
1670,53.9444,2.343,2.3489
1671,54.0133,3.066,2.4766
1672,54.0822,2.3766,2.7604
1673,54.1511,2.6278,1.5971
1674,54.22,2.315,1.8525
1675,54.2889,2.3107,1.3907
1676,54.3578,2.172,0.9829
1677,54.4267,1.9791,1.3543
1678,54.4955,2.4609,1.4564
1679,54.5644,3.4339,1.432
1680,54.6333,4.3294,1.3846
1681,54.7022,4.4249,1.6461
1682,54.7711,3.9034,1.0947
1683,54.84,4.6492,0.997
1684,54.9089,6.1799,1.1905
1685,54.9778,10.4454,2.2864
1686,55.0467,18.1674,2.9109
1687,55.1156,24.394,3.8386
1688,55.1845,32.2482,3.961
1689,55.2534,29.163,4.5837
1690,55.3223,24.4253,3.4777
1691,55.3912,18.8752,3.0825
1692,55.4601,17.9172,2.3417
1693,55.529,13.9198,2.546
1694,55.5979,11.7944,3.1278
1695,55.6668,9.7196,3.6723
1696,55.7356,9.695,2.7814
1697,55.8045,9.804,2.7356
1698,55.8734,13.0239,3.0031
1699,55.9423,21.1756,3.7805
1700,56.0112,28.2731,5.0862
1701,56.0801,26.682,6.0595
1702,56.149,26.0618,5.2676
1703,56.2179,19.2224,5.5822
1704,56.2868,12.4785,3.706
1705,56.3557,10.3504,3.067
1706,56.4246,9.8495,3.567
1707,56.4935,12.3442,3.451
1708,56.5624,12.009,2.9927
1709,56.6313,9.3096,3.2038
1710,56.7002,7.7973,3.2872
1711,56.7691,7.4188,4.2883
1712,56.838,6.0995,4.5853
1713,56.9069,8.0282,3.2873
1714,56.9757,7.0908,2.8578
1715,57.0446,6.3777,2.4393
1716,57.1135,6.8008,2.4018
1717,57.1824,8.1423,2.3646
1718,57.2513,7.9863,2.8333
1719,57.3202,7.4027,3.1012
1720,57.3891,5.9027,2.6269
1721,57.458,3.5182,2.7931
1722,57.5269,3.1602,3.3753
1723,57.5958,2.5522,2.87
1724,57.6647,3.5124,2.9691
1725,57.7336,3.6579,2.863
1726,57.8025,3.2853,2.3156
1727,57.8714,3.4738,2.4258
1728,57.9403,3.6511,3.0045
1729,58.0092,4.7855,3.4129
1730,58.0781,6.309,3.2263
1731,58.147,10.3143,3.2472
1732,58.2159,13.0563,3.4673
1733,58.2847,14.268,3.6073
1734,58.3536,10.022,2.489
1735,58.4225,8.0722,2.7928
1736,58.4914,5.3455,2.3105
1737,58.5603,4.8528,1.8629
1738,58.6292,4.4083,2.2488
1739,58.6981,3.4464,2.9457
1740,58.767,2.8513,2.9009
1741,58.8359,4.2144,3.0306
1742,58.9048,8.9535,2.5643
1743,58.9737,12.8564,2.6724
1744,59.0426,18.6937,2.6658
1745,59.1115,15.7318,2.5826
1746,59.1804,11.6048,2.5056
1747,59.2493,10.0974,2.4432
1748,59.3182,9.2344,3.2966
1749,59.3871,9.1298,3.1987
1750,59.456,7.979,2.9684
1751,59.5248,9.7886,2.8628
1752,59.5937,12.9853,3.8422
1753,59.6626,16.67,4.342
1754,59.7315,16.7633,4.9485
1755,59.8004,17.2193,4.9377
1756,59.8693,19.0594,5.2683
1774,0.0,8.0721,3.9804
1775,0.0689,10.7048,3.6013
1776,0.1378,14.557,4.4439
1777,0.2067,15.7334,4.8074
1778,0.2756,12.4194,3.5415
1779,0.3445,9.7727,2.8667
1780,0.4134,5.8847,1.8714
1781,0.4823,4.8494,1.9746
1782,0.5512,3.9887,1.201
1783,0.6201,4.3086,1.2749
1784,0.6889,3.8258,1.388
1785,0.7578,6.2148,1.5858
1786,0.8267,9.7778,1.6672
1787,0.8956,13.5394,2.0961
1788,0.9645,9.9262,2.3325
1789,1.0334,7.9584,3.5288
1790,1.1023,6.5498,2.5488
1791,1.1712,7.0452,3.9801
1792,1.2401,7.9844,3.0548
1793,1.309,9.6897,3.0019
1794,1.3779,11.2341,2.6723
1795,1.4468,10.8713,2.0281
1796,1.5157,7.8698,2.6364
1797,1.5846,6.7049,2.76
1798,1.6535,3.9047,2.2665
1799,1.7224,4.1875,2.2276
1800,1.7913,2.16,2.2471
1801,1.8602,3.282,2.2739
1802,1.929,3.611,2.0516
1803,1.9979,3.7641,2.7538
1804,2.0668,4.5121,2.2134
1805,2.1357,4.7075,2.6102
1806,2.2046,3.6319,3.468
1807,2.2735,3.4583,2.4331
1808,2.3424,5.5159,2.9402
1809,2.4113,6.8928,3.3406
1810,2.4802,9.4423,4.1126
1811,2.5491,13.3657,4.0461
1812,2.618,15.2618,3.8702
1813,2.6869,17.1113,4.5671
1814,2.7558,19.2515,5.6117
1815,2.8247,19.4844,5.2582
1816,2.8936,24.4603,6.2145
1817,2.9625,30.5963,7.3164
1818,3.0314,27.98,9.5344
1819,3.1003,22.9867,8.5718
1820,3.1691,17.6999,6.4925
1821,3.238,12.7155,4.1361
1822,3.3069,9.445,2.6688
1823,3.3758,7.7372,2.1566
1824,3.4447,4.6104,1.8249
1825,3.5136,4.7454,1.9881
1826,3.5825,3.7475,1.4083
1827,3.6514,2.6517,1.5735
1828,3.7203,2.4181,1.3793
1829,3.7892,1.4658,1.5034
1830,3.8581,1.8512,1.4944
1831,3.927,1.5023,1.6211
1832,3.9959,1.6075,2.737
1833,4.0648,2.1144,2.9173
1834,4.1337,2.1034,2.7251
1835,4.2026,2.7107,1.9267
1836,4.2715,3.4896,2.4235
1837,4.3404,3.8146,2.368
1838,4.4092,4.9922,2.3383
1839,4.4781,8.1261,2.0654
1840,4.547,10.1772,2.0649
1841,4.6159,14.7028,3.2419
1842,4.6848,17.2039,3.2348
1843,4.7537,21.4103,3.9909
1844,4.8226,20.3102,3.4791
1845,4.8915,20.1121,2.5611
1846,4.9604,18.9162,2.7797
1847,5.0293,9.7305,2.3618
1848,5.0982,5.4917,2.3842
1849,5.1671,5.518,1.8202
1850,5.236,7.4688,1.8454
1851,5.3049,10.9817,2.6577
1852,5.3738,19.3152,3.5275
1853,5.4427,25.9568,5.1959
1854,5.5116,28.3915,7.562
1855,5.5805,20.0392,7.3592
1856,5.6493,12.8824,5.7168
1857,5.7182,5.5937,4.391
1858,5.7871,3.487,3.7613
1859,5.856,4.4196,2.5971
1860,5.9249,3.4071,2.5087
1861,5.9938,3.0155,2.2605
1862,6.0627,3.8757,1.9596
1863,6.1316,3.6809,1.932
1864,6.2005,1.9236,1.5424
1865,6.2694,2.2197,1.1708
1866,6.3383,3.768,1.4159
1867,6.4072,5.972,1.4122
1868,6.4761,8.0225,1.8816
1869,6.545,12.0882,2.4596
1870,6.6139,11.6011,2.7042
1871,6.6828,8.9991,2.6349
1872,6.7517,6.3634,2.9088
1873,6.8206,5.601,2.3135
1874,6.8894,4.9932,2.0492
1875,6.9583,4.0895,1.4696
1876,7.0272,3.8812,1.7962
1877,7.0961,5.0996,1.8741
1878,7.165,5.7382,2.8063
1879,7.2339,5.7362,2.9601
1880,7.3028,7.1927,2.99
1881,7.3717,6.1123,2.8938
1882,7.4406,10.1536,2.5177
1883,7.5095,11.0764,3.3274
1884,7.5784,10.1419,2.7547
1885,7.6473,8.0053,2.4258
1886,7.7162,9.0649,3.0494
1887,7.7851,13.7017,3.0097
1888,7.854,17.4422,2.7273
1889,7.9229,15.4804,3.2454
1890,7.9918,11.2609,4.1583
1891,8.0607,8.9356,4.0672
1892,8.1296,9.8756,3.7542
1893,8.1984,10.6972,3.2302
1894,8.2673,12.5909,2.5673
1895,8.3362,17.7024,2.3814
1896,8.4051,22.1158,3.6673
1897,8.474,26.7398,3.5041
1898,8.5429,29.6316,2.7762
1899,8.6118,29.0071,2.8489
1900,8.6807,22.3233,3.2342
1901,8.7496,16.3475,2.6011
1902,8.8185,16.2922,3.0666
1903,8.8874,16.4778,3.2227
1904,8.9563,16.1818,3.948
1905,9.0252,14.4352,3.8425
1906,9.0941,11.4449,3.4866
1907,9.163,9.0984,2.7237
1908,9.2319,8.0173,2.7936
1909,9.3008,9.0364,3.069
1910,9.3697,13.0954,2.2709
1911,9.4385,14.4089,2.7996
1912,9.5074,14.2021,2.1988
1913,9.5763,15.2789,2.4582
1914,9.6452,17.1431,2.3839
1915,9.7141,14.9517,2.2924
1916,9.783,13.9269,1.6428
1917,9.8519,8.4695,2.2372
1918,9.9208,6.398,1.6494
1919,9.9897,5.1411,1.804
1920,10.0586,4.8018,1.1287
1921,10.1275,5.4787,1.7379
1922,10.1964,5.4672,1.7956
1923,10.2653,5.4064,1.8741
1924,10.3342,3.5474,1.467
1925,10.4031,5.1412,1.4046
1926,10.472,6.052,1.3409
1927,10.5409,5.6892,1.6973
1928,10.6098,6.5329,1.8717
1929,10.6786,8.3359,2.5881
1930,10.7475,12.9522,3.6091
1931,10.8164,14.6609,4.2134
1932,10.8853,16.9837,4.4681
1933,10.9542,20.5622,6.4685
1934,11.0231,27.6743,7.6379
1935,11.092,35.8646,9.8734
1936,11.1609,49.0656,11.706
1937,11.2298,55.3167,11.4626
1938,11.2987,59.7209,11.3712
1939,11.3676,68.1287,10.1778
1940,11.4365,56.9114,11.6031
1941,11.5054,40.4804,9.4426
1942,11.5743,25.2229,6.9899
1943,11.6432,24.106,6.7357
1944,11.7121,20.7793,7.3523
1945,11.781,14.4874,8.39
1946,11.8499,8.2039,6.7681
1947,11.9187,6.5985,5.0902
1948,11.9876,6.0166,4.3129
1949,12.0565,8.5249,3.5926
1950,12.1254,11.437,2.3732
1951,12.1943,12.5506,2.0149
1952,12.2632,13.6965,2.4413
1953,12.3321,18.5781,2.0863
1954,12.401,13.9837,1.8353
1955,12.4699,11.1213,2.4396
1956,12.5388,9.0673,3.0817
1957,12.6077,9.4189,3.0579
1958,12.6766,7.2263,2.3908
1959,12.7455,4.8373,2.2439
1960,12.8144,2.7138,2.0627
1961,12.8833,2.9848,1.6913
1962,12.9522,2.71,2.3898
1963,13.0211,4.9757,1.9299
1964,13.09,4.9342,1.7477
1965,13.1588,6.3722,1.1633
1966,13.2277,5.8589,1.9428
1967,13.2966,5.3367,1.8647
1968,13.3655,3.9409,1.3089
1969,13.4344,3.1542,1.5245
1970,13.5033,2.7725,1.7271
1971,13.5722,4.3911,2.1374
1972,13.6411,5.1227,1.4947
1973,13.71,6.1732,2.3557
1974,13.7789,6.8608,3.294
1975,13.8478,6.3361,2.4886
1976,13.9167,5.5157,2.4592
1977,13.9856,5.2889,1.6691
1978,14.0545,4.2471,1.5071
1979,14.1234,2.7925,1.2912
1980,14.1923,3.5744,1.0162
1981,14.2612,1.9928,1.0825
1982,14.3301,1.738,1.4427
1983,14.3989,1.2254,1.2237
1984,14.4678,1.3748,1.2523
1985,14.5367,1.5424,1.1041
1986,14.6056,1.2218,1.7616
1987,14.6745,2.7408,1.6533
1988,14.7434,5.5185,1.7039
1989,14.8123,6.7668,1.3452
1990,14.8812,11.2264,1.5638
1991,14.9501,11.2511,3.1295
1992,15.019,11.1212,3.7515
1993,15.0879,5.7948,3.209
1994,15.1568,2.9361,3.004
1995,15.2257,2.0286,2.6
1996,15.2946,2.7503,1.7752
1997,15.3635,4.0303,1.4802
1998,15.4324,5.8491,2.0608
1999,15.5013,6.283,1.938
2000,15.5702,8.0421,1.3335
2001,15.6391,9.7502,1.4156
2002,15.7079,16.2071,2.7695
2003,15.7768,21.6713,3.7264
2004,15.8457,20.1396,3.4799
2005,15.9146,16.6843,2.6083
2006,15.9835,15.2457,2.2955
2007,16.0524,15.3625,2.295
2008,16.1213,20.2432,1.9339
2009,16.1902,22.4442,2.8774
2010,16.2591,20.8553,3.0628
2011,16.328,15.669,3.6821
2012,16.3969,10.6027,3.5892
2013,16.4658,6.5366,2.9908
2014,16.5347,3.7777,2.5774
2015,16.6036,4.6044,1.4815
2016,16.6725,4.1222,0.6939
2017,16.7414,3.7429,1.6439
2018,16.8103,2.4464,2.1067
2019,16.8792,2.4068,1.3498
2020,16.948,1.3157,1.4665
2021,17.0169,3.1988,1.0653
2022,17.0858,2.421,0.7459
2023,17.1547,1.6235,0.9512
2024,17.2236,1.9707,1.1864
2025,17.2925,2.2965,1.1515
2026,17.3614,2.1529,1.0304
2027,17.4303,2.9383,1.0964
2028,17.4992,3.8967,1.5589
2029,17.5681,6.4573,1.4904
2030,17.637,6.9803,1.8964
2031,17.7059,6.8214,1.8255
2032,17.7748,8.6525,2.2341
2033,17.8437,9.4357,3.1608
2034,17.9126,13.9511,3.015
2035,17.9815,16.7485,4.1741
2036,18.0504,23.25,5.7387
2037,18.1193,34.413,6.5694
2038,18.1881,45.346,7.8774
2039,18.257,44.2881,7.7267
2040,18.3259,36.5521,7.8933
2041,18.3948,26.976,6.2634
2042,18.4637,21.1248,4.1629
2043,18.5326,15.0356,3.5114
2044,18.6015,10.9022,2.4985
2045,18.6704,7.4436,2.2049
2046,18.7393,5.4509,2.4899
2047,18.8082,4.6649,2.3345
2048,18.8771,4.2492,1.4935
2049,18.946,6.2434,2.5797
2050,19.0149,7.2546,2.4506
2051,19.0838,6.9866,2.2415
2052,19.1527,7.575,2.0045
2053,19.2216,6.4702,2.2515
2054,19.2905,7.822,2.5907
2055,19.3594,8.3146,3.0688
2056,19.4282,9.0939,4.0562
2057,19.4971,9.9635,4.3042
2058,19.566,9.8699,3.2143
2059,19.6349,8.3871,2.6978
2060,19.7038,5.5719,2.5153
2061,19.7727,6.0632,2.2715
2062,19.8416,4.9352,1.771
2063,19.9105,2.6317,1.7517
2064,19.9794,2.6866,1.1731
2065,20.0483,2.6582,1.598
2066,20.1172,2.2516,1.6119
2067,20.1861,2.0149,1.7438
2068,20.255,2.0848,1.7943
2069,20.3239,1.5665,2.0787
2070,20.3928,1.8259,2.3425
2071,20.4617,2.3651,2.1609
2072,20.5306,1.7633,1.9821
2073,20.5995,1.5196,1.2772
2074,20.6683,2.2644,1.7706
2075,20.7372,3.7545,1.8859
2076,20.8061,3.6756,2.6032
2077,20.875,5.2956,2.8858
2078,20.9439,8.3116,3.2579
2079,21.0128,9.6987,3.1059
2080,21.0817,10.2386,2.6582
2081,21.1506,6.8795,2.4943
2082,21.2195,5.2405,1.8172
2083,21.2884,3.5345,2.3507
2084,21.3573,2.2379,2.1966
2085,21.4262,3.4579,3.2318
2086,21.4951,4.7107,3.1671
2087,21.564,8.2902,3.5798
2088,21.6329,9.291,3.6456
2089,21.7018,9.9477,3.4797
2090,21.7707,11.596,2.3612
2091,21.8396,12.5412,3.0569
2092,21.9084,14.7157,3.4998
2093,21.9773,20.2396,4.4727
2094,22.0462,28.911,4.5933
2095,22.1151,26.9987,5.1125
2096,22.184,22.7556,5.7892
2097,22.2529,18.564,5.0035
2098,22.3218,12.0948,5.3189
2099,22.3907,11.3057,5.4968
2100,22.4596,7.4866,4.3451
2101,22.5285,5.7039,3.751
2102,22.5974,5.0181,2.5223
2103,22.6663,4.8572,2.5718
2104,22.7352,5.0851,2.325
2105,22.8041,5.6024,2.0567
2106,22.873,6.0813,2.2507
2107,22.9419,7.3062,2.6835
2108,23.0108,13.0465,3.2884
2109,23.0797,18.1196,4.8062
2110,23.1486,25.7513,5.9046
2111,23.2174,28.1153,6.8393
2112,23.2863,20.4744,5.8667
2113,23.3552,13.3688,6.3636
2114,23.4241,8.7072,4.7487
2115,23.493,5.0281,4.4417
2116,23.5619,4.4251,4.8551
2117,23.6308,3.0438,4.2473
2118,23.6997,1.7823,3.4238
2119,23.7686,1.098,2.1877
2120,23.8375,1.4566,2.66
2121,23.9064,2.7983,2.4268
2122,23.9753,4.7662,1.8632
2123,24.0442,4.6901,1.707
2124,24.1131,4.1081,1.1654
2125,24.182,4.0252,1.6107
2126,24.2509,2.9363,1.7081
2127,24.3198,4.764,2.0902
2128,24.3887,11.1596,2.2563
2129,24.4575,16.2753,2.6021
2130,24.5264,16.7779,2.8014
2131,24.5953,16.0453,3.2492
2132,24.6642,13.877,3.5931
2133,24.7331,15.294,2.8103
2134,24.802,13.5993,2.8162
2135,24.8709,10.6166,3.1656
2136,24.9398,10.7771,2.4131
2137,25.0087,11.7892,3.4589
2138,25.0776,11.3079,3.2779
2139,25.1465,10.3636,2.6535
2140,25.2154,10.5286,2.2903
2141,25.2843,9.6487,2.4042
2142,25.3532,7.5992,2.9897
2143,25.4221,5.2289,2.9186
2144,25.491,3.3952,2.4354
2145,25.5599,5.0808,2.1776
2146,25.6288,3.862,1.8298
2147,25.6976,3.7387,2.1005
2148,25.7665,4.8754,1.9856
2149,25.8354,4.8063,1.766
2150,25.9043,6.1079,1.7662
2151,25.9732,8.1883,2.2011
2152,26.0421,10.0296,1.6255
2153,26.111,9.6077,2.35
2154,26.1799,13.1933,2.7844
2155,26.2488,17.2852,3.26
2156,26.3177,16.2597,4.4
2157,26.3866,18.055,5.4345
2158,26.4555,19.5825,4.8427
2159,26.5244,25.2783,6.6712
2160,26.5933,24.2025,7.0064
2161,26.6622,20.2824,6.9201
2162,26.7311,11.3571,5.8755
2163,26.8,8.5242,3.6572
2164,26.8689,8.7005,2.8021
2165,26.9377,8.1608,2.9593
2166,27.0066,7.3558,2.6026
2167,27.0755,7.0728,2.3708
2168,27.1444,5.9411,2.4593
2169,27.2133,7.7627,2.884
2170,27.2822,5.0464,2.2608
2171,27.3511,3.9305,1.4544
2172,27.42,2.5996,1.5608
2173,27.4889,1.8794,1.6261
2174,27.5578,1.7263,1.4264
2175,27.6267,2.0129,1.4096
2176,27.6956,1.687,1.4681
2177,27.7645,1.7606,1.4213
2178,27.8334,1.9086,1.3262
2179,27.9023,1.9379,1.1156
2180,27.9712,2.3076,1.1053
2181,28.0401,2.2834,0.985
2182,28.109,2.5356,1.134
2183,28.1778,5.0809,1.2332
2184,28.2467,7.1075,1.2661
2185,28.3156,9.196,1.4885
2186,28.3845,11.5732,1.3488
2187,28.4534,13.5613,1.7604
2188,28.5223,13.2244,2.92
2189,28.5912,12.9697,3.1379
2190,28.6601,17.9363,3.2703
2191,28.729,18.7286,4.2937
2192,28.7979,17.3359,4.7988
2193,28.8668,17.7912,5.6487
2194,28.9357,20.4736,8.3588
2195,29.0046,22.117,8.4254
2196,29.0735,23.6086,10.1811
2197,29.1424,19.8902,10.4844
2198,29.2113,14.8828,7.0943
2199,29.2802,11.142,5.6214
2200,29.3491,8.8249,3.9914
2201,29.4179,6.0367,3.0454
2202,29.4868,5.6979,2.3626
2203,29.5557,6.5177,1.6722
2204,29.6246,11.1989,2.2621
2205,29.6935,12.3133,3.099
2206,29.7624,9.3528,2.8841
2207,29.8313,6.0646,1.9882
2208,29.9002,3.0308,1.4935
2209,29.9691,2.5542,1.618
2210,30.038,2.4202,2.3713
2211,30.1069,3.988,2.8733
2212,30.1758,4.1639,2.3522
2213,30.2447,5.9793,1.811
2214,30.3136,5.5808,2.2344
2215,30.3825,5.6508,2.9709
2216,30.4514,9.5198,3.3883
2217,30.5203,12.1341,3.4619
2218,30.5892,15.6255,3.2501
2219,30.6581,12.3377,3.9205
2220,30.7269,10.1019,4.6168
2221,30.7958,8.3948,5.3817
2222,30.8647,9.4216,4.5943
2223,30.9336,6.3835,5.2685
2224,31.0025,3.6053,4.7201
2225,31.0714,3.8082,3.3167
2226,31.1403,4.4541,2.8052
2227,31.2092,3.7588,1.8457
2228,31.2781,4.2597,1.6598
2229,31.347,3.6188,1.1209
2230,31.4159,3.05,1.063
2231,31.4848,3.5187,1.4634
2232,31.5537,2.6598,1.701
2233,31.6226,2.7249,2.2913
2234,31.6915,2.8069,1.8631
2235,31.7604,3.5626,2.4534
2236,31.8293,2.8213,2.3622
2237,31.8982,2.4799,2.8787
2238,31.967,1.954,3.6979
2239,32.0359,1.5778,3.0117
2240,32.1048,2.744,2.4541
2241,32.1737,4.834,3.5327
2242,32.2426,5.6004,2.7237
2243,32.3115,6.1967,2.7521
2244,32.3804,5.8154,2.509
2245,32.4493,6.669,3.5884
2246,32.5182,10.531,4.382
2247,32.5871,11.8896,5.1012
2248,32.656,12.2343,4.7433
2249,32.7249,8.3785,4.3038
2250,32.7938,6.7089,4.6051
2251,32.8627,3.7946,3.2007
2252,32.9316,3.6832,2.3028
2253,33.0005,4.6458,2.4961
2254,33.0694,4.6896,2.3923
2255,33.1383,5.4557,2.1488
2256,33.2071,4.7637,2.1484
2257,33.276,5.7844,1.8078
2258,33.3449,9.0869,2.5706
2259,33.4138,9.9091,3.175
2260,33.4827,8.1973,3.0176
2261,33.5516,5.6895,3.3178
2262,33.6205,3.9854,2.1152
2263,33.6894,3.7465,1.5838
2264,33.7583,5.2002,1.9472
2265,33.8272,6.2129,2.6464
2266,33.8961,6.2827,2.9305
2267,33.965,6.6014,2.9169
2268,34.0339,5.0091,2.4165
2269,34.1028,5.5972,1.9247
2270,34.1717,6.167,2.0373
2271,34.2406,6.3461,2.0428
2272,34.3095,7.5424,2.425
2273,34.3784,7.5964,2.8567
2274,34.4472,9.485,2.6372
2275,34.5161,6.894,3.3145
2276,34.585,8.506,3.186
2277,34.6539,8.9819,3.1493
2278,34.7228,7.0492,3.1224
2279,34.7917,6.0828,3.5039
2280,34.8606,7.8862,4.523
2281,34.9295,9.8135,4.5235
2282,34.9984,11.9796,4.5904
2283,35.0673,19.5289,5.058
2284,35.1362,27.7869,5.0624
2285,35.2051,32.9001,5.1901
2286,35.274,24.0128,4.289
2287,35.3429,14.0891,3.5829
2288,35.4118,8.2101,2.3239
2289,35.4807,4.2847,1.82
2290,35.5496,4.5164,1.4611
2291,35.6185,7.5355,2.3299
2292,35.6873,10.3274,2.9471
2293,35.7562,15.0087,3.5806
2294,35.8251,16.8231,4.349
2295,35.894,17.2943,4.8415
2296,35.9629,18.6766,5.4274
2297,36.0318,21.628,6.2158
2298,36.1007,26.8513,7.4671
2299,36.1696,31.8458,9.5087
2300,36.2385,43.1347,9.5671
2301,36.3074,44.9915,8.3916
2302,36.3763,42.8465,6.7786
2303,36.4452,29.5475,4.9682
2304,36.5141,17.2041,3.7639
2305,36.583,14.6778,3.6097
2306,36.6519,14.0226,3.0162
2307,36.7208,15.7905,2.5017
2308,36.7897,15.1878,3.1441
2309,36.8586,14.0863,2.5254
2310,36.9274,8.845,2.2376
2311,36.9963,5.8311,1.9701
2312,37.0652,6.0218,1.9412
2313,37.1341,5.9507,2.4071
2314,37.203,10.8975,3.0008
2315,37.2719,15.0372,3.1663
2316,37.3408,18.1122,3.9102
2317,37.4097,18.5515,3.5823
2318,37.4786,16.0344,3.3396
2319,37.5475,13.9155,3.6284
2320,37.6164,14.5708,4.4903
2321,37.6853,22.3734,4.7325
2322,37.7542,25.1831,5.2151
2661,0.0,19.3178,6.4408
2662,0.0689,28.8078,6.7327
2663,0.1378,30.7921,5.8211
2664,0.2067,24.5071,5.5755
2665,0.2756,16.8338,3.6481
2666,0.3445,14.7747,3.1914
2667,0.4134,19.4366,3.5458
2668,0.4823,22.4053,3.9768
2669,0.5512,24.1673,3.7793
2670,0.6201,17.5814,3.8283
2671,0.6889,10.0945,2.866
2672,0.7578,10.2211,2.3889
2673,0.8267,11.478,2.3746
2674,0.8956,10.3805,2.9937
2675,0.9645,7.3595,2.9236
2676,1.0334,6.0513,2.2843
2677,1.1023,6.3038,2.2316
2678,1.1712,5.0375,1.2856
2679,1.2401,5.3104,2.031
2680,1.309,4.7825,2.352
2681,1.3779,5.022,2.5411
2682,1.4468,6.8769,1.8979
2683,1.5157,9.2744,2.0946
2684,1.5846,13.4933,2.2515
2685,1.6535,16.595,1.6983
2686,1.7224,17.7537,2.1414
2687,1.7913,18.6328,2.623
2688,1.8602,18.2187,2.6872
2689,1.929,24.7584,4.5107
2690,1.9979,31.9676,5.5744
2691,2.0668,28.7826,4.3374
2692,2.1357,22.7106,3.2095
2693,2.2046,15.5543,2.9422
2694,2.2735,10.4673,2.8596
2695,2.3424,9.2299,2.4136
2696,2.4113,7.6395,3.6385
2697,2.4802,9.6573,4.2772
2698,2.5491,14.2805,5.2293
2699,2.618,11.1174,6.6953
2700,2.6869,13.0654,8.9997
2701,2.7558,14.5163,6.6613
2702,2.8247,11.6522,4.979
2703,2.8936,6.7181,2.9314
2704,2.9625,3.7177,2.404
2705,3.0314,4.0541,2.7131
2706,3.1003,4.6101,2.5508
2707,3.1691,5.0139,2.1056
2708,3.238,3.7039,1.7783
2709,3.3069,3.0221,1.6977
2710,3.3758,3.9296,1.104
2711,3.4447,5.3669,0.9168
2712,3.5136,7.5097,0.6303
2713,3.5825,13.1488,0.9681
2714,3.6514,20.3226,2.2562
2715,3.7203,26.2997,3.7836
2716,3.7892,26.5625,4.0602
2717,3.8581,20.4937,4.835
2718,3.927,15.0935,4.2819
2719,3.9959,9.5507,3.6651
2720,4.0648,8.591,2.9226
2721,4.1337,8.2056,2.1508
2722,4.2026,5.485,2.1812
2723,4.2715,3.8703,2.2639
2724,4.3404,3.0226,2.0519
2725,4.4092,2.9176,1.3889
2726,4.4781,4.311,1.1278
2727,4.547,5.1408,1.2335
2728,4.6159,6.3203,1.6921
2729,4.6848,7.6023,1.4321
2730,4.7537,10.9176,1.3318
2731,4.8226,18.8828,2.1694
2732,4.8915,31.3547,3.2239
2733,4.9604,43.78,6.238
2734,5.0293,42.3022,8.152
2735,5.0982,31.2855,9.7017
2736,5.1671,24.4937,8.4122
2737,5.236,13.3035,6.5215
2738,5.3049,9.9199,4.9538
2739,5.3738,7.94,3.7613
2740,5.4427,8.6937,3.3464
2741,5.5116,8.0438,3.3515
2742,5.5805,7.2491,2.8211
2743,5.6493,7.4119,2.3614
2744,5.7182,5.8861,2.474
2745,5.7871,5.2962,2.7309
2746,5.856,6.0695,2.3738
2747,5.9249,7.4501,2.3976
2748,5.9938,9.538,2.8862
2749,6.0627,8.7546,2.6694
2750,6.1316,8.1311,1.7801
2751,6.2005,4.9992,1.8833
2752,6.2694,3.4253,0.9313
2753,6.3383,2.8035,0.8055
2754,6.4072,2.6009,0.8262
2755,6.4761,4.7069,0.8362
2756,6.545,7.5976,1.8068
2757,6.6139,13.0207,2.994
2758,6.6828,19.5198,3.9861
2759,6.7517,18.6213,4.4754
2760,6.8206,13.4951,3.0664
2761,6.8894,10.0487,1.6616
2762,6.9583,9.0983,1.6292
2763,7.0272,6.7198,1.8339
2764,7.0961,3.872,1.6512
2765,7.165,3.8284,1.25
2766,7.2339,4.4272,1.332
2767,7.3028,7.7894,1.3412
2768,7.3717,11.1018,1.088
2769,7.4406,10.8707,1.4365
2770,7.5095,10.0992,2.0845
2771,7.5784,9.3325,1.7781
2772,7.6473,9.1172,2.2169
2773,7.7162,8.5919,2.9221
2774,7.7851,8.6843,2.47
2775,7.854,10.1042,1.8272
2776,7.9229,11.9936,1.6932
2777,7.9918,17.5729,2.5296
2778,8.0607,20.9737,2.8951
2779,8.1296,29.9412,3.9126
2780,8.1984,36.1671,5.4442
2781,8.2673,37.3066,6.9978
2782,8.3362,28.0958,6.7758
2783,8.4051,28.4948,6.0243
2784,8.474,34.1471,5.4603
2785,8.5429,44.1,6.7967
2786,8.6118,49.1146,9.1315
2787,8.6807,44.1489,10.5046
2788,8.7496,35.2103,10.9385
2789,8.8185,22.209,7.9723
2790,8.8874,11.8374,6.05
2791,8.9563,10.6866,4.2483
2792,9.0252,14.1707,4.2156
2793,9.0941,14.907,3.3396
2794,9.163,9.8943,2.3031
2795,9.2319,7.4749,2.6061
2796,9.3008,4.8063,2.2578
2797,9.3697,3.9427,1.832
2798,9.4385,4.5709,1.7193
2799,9.5074,4.2078,1.3485
2800,9.5763,3.9294,1.8865
2801,9.6452,5.1658,1.6646
2802,9.7141,3.6425,1.8004
2803,9.783,4.0767,2.4027
2804,9.8519,3.5547,2.2515
2805,9.9208,4.2732,1.7359
2806,9.9897,5.6057,1.7962
2807,10.0586,6.9717,1.8412
2808,10.1275,6.8802,1.5093
2809,10.1964,4.9961,1.0878
2810,10.2653,2.3732,1.1542
2811,10.3342,3.989,0.9973
2812,10.4031,6.5374,1.5739
2813,10.472,6.5918,1.7251
2814,10.5409,10.9252,1.9798
2815,10.6098,15.4197,2.1693
2816,10.6786,23.133,2.7468
2817,10.7475,25.0776,3.5879
2818,10.8164,21.2869,3.894
2819,10.8853,18.4976,3.0225
2820,10.9542,13.2729,2.2385
2821,11.0231,15.7507,2.2968
2822,11.092,19.3256,2.0393
2823,11.1609,25.664,3.7991
2824,11.2298,33.2907,4.4734
2825,11.2987,33.8612,4.9714
2826,11.3676,34.2295,5.2839
2827,11.4365,30.4052,6.4279
2828,11.5054,24.4095,6.433
2829,11.5743,21.45,4.5727
2830,11.6432,19.2121,4.1871
2831,11.7121,17.5122,3.7156
2832,11.781,20.9904,3.9416
2833,11.8499,20.5618,3.8207
2834,11.9187,24.1088,4.192
2835,11.9876,27.4829,5.0188
2836,12.0565,20.6826,4.4268
2837,12.1254,14.62,4.9602
2838,12.1943,13.8351,4.54
2839,12.2632,14.054,3.6562
2840,12.3321,15.8239,3.2228
2841,12.401,18.3995,2.8417
2842,12.4699,18.2198,3.32
2843,12.5388,18.6729,3.9705
2844,12.6077,17.2132,3.1144
2845,12.6766,15.5023,2.2144
2846,12.7455,10.8529,1.9518
2847,12.8144,8.5568,2.1563
2848,12.8833,6.8045,2.1161
2849,12.9522,5.3956,1.8354
2850,13.0211,4.8208,2.5902
2851,13.09,5.131,1.6911
2852,13.1588,7.3912,2.2294
2853,13.2277,4.8535,2.2259
2854,13.2966,6.8105,2.2323
2855,13.3655,4.3128,1.7726
2856,13.4344,5.9626,1.8744
2857,13.5033,7.3082,2.1828
2858,13.5722,6.7624,3.0699
2859,13.6411,6.3523,3.111
2860,13.71,6.3555,3.048
2861,13.7789,6.6504,3.5548
2862,13.8478,5.6269,3.5628
2863,13.9167,5.1802,3.2137
2864,13.9856,5.372,2.4176
2865,14.0545,4.7597,2.1033
2866,14.1234,5.5171,1.7317
2867,14.1923,3.9557,0.9867
2868,14.2612,4.7054,0.7853
2869,14.3301,4.7995,1.0964
2870,14.3989,3.6911,0.8154
2871,14.4678,2.0729,0.8928
2872,14.5367,2.1301,0.6533
2873,14.6056,2.3978,0.8448
2874,14.6745,3.8178,0.8132
2875,14.7434,3.0833,0.8943
2876,14.8123,2.8184,1.0823
2877,14.8812,1.8608,0.8952
2878,14.9501,3.6766,1.2912
2879,15.019,3.9879,1.7521
2880,15.0879,6.1681,1.1188
2881,15.1568,6.6569,1.5798
2882,15.2257,8.4728,1.884
2883,15.2946,14.0124,1.7863
2884,15.3635,22.6253,2.851
2885,15.4324,32.5372,4.3541
2886,15.5013,42.5099,6.19
2887,15.5702,41.3995,8.0486
2888,15.6391,31.454,8.5906
2889,15.7079,18.5532,5.3524
2890,15.7768,11.0522,4.701
2891,15.8457,7.8264,4.0463
2892,15.9146,8.3528,3.5285
2893,15.9835,9.6542,3.659
2894,16.0524,10.1229,3.4714
2895,16.1213,17.0722,4.3672
2896,16.1902,19.5131,4.6932
2897,16.2591,25.9618,4.9523
2898,16.328,32.8224,7.0678
2899,16.3969,35.6447,7.2014
2900,16.4658,32.4102,7.5224
2901,16.5347,27.1509,6.9833
2902,16.6036,14.689,5.6253
2903,16.6725,8.8962,3.4348
2904,16.7414,7.9285,3.686
2905,16.8103,9.8224,3.1165
2906,16.8792,16.2689,2.1947
2907,16.948,24.5056,2.2524
2908,17.0169,27.3664,2.8548
2909,17.0858,30.5066,3.2658
2910,17.1547,27.0034,2.986
2911,17.2236,24.3776,3.5903
2912,17.2925,24.952,2.9563
2913,17.3614,23.6502,4.3125
2914,17.4303,23.2866,4.3473
2915,17.4992,19.9989,3.7503
2916,17.5681,16.3271,3.8439
2917,17.637,14.4041,3.5664
2918,17.7059,11.0079,3.8876
2919,17.7748,7.787,3.811
2920,17.8437,7.627,5.1196
2921,17.9126,10.0236,4.4099
2922,17.9815,14.297,5.0092
2923,18.0504,16.3534,5.1068
2924,18.1193,17.2625,5.862
2925,18.1881,17.6484,4.5008
2926,18.257,15.9577,3.1417
2927,18.3259,12.8622,3.1317
2928,18.3948,11.5551,2.1172
2929,18.4637,8.3589,1.6386
2930,18.5326,4.5537,1.1641
2931,18.6015,2.2702,1.7815
2932,18.6704,2.0362,1.3886
2933,18.7393,2.757,1.0491
2934,18.8082,2.1746,1.2031
2935,18.8771,4.2851,1.2286
2936,18.946,4.2361,1.1108
2937,19.0149,3.9937,0.9902
2938,19.0838,4.1525,1.2345
2939,19.1527,3.6568,1.1882
2940,19.2216,3.617,1.0609
2941,19.2905,3.4882,0.9746
2942,19.3594,3.3982,1.1593
2943,19.4282,3.8445,0.8108
2944,19.4971,3.7617,1.13
2945,19.566,4.1413,1.203
2946,19.6349,3.0719,1.3284
2947,19.7038,3.0651,1.7354
2948,19.7727,4.0534,1.8376
2949,19.8416,4.4793,1.7799
2950,19.9105,2.4413,1.9365
2951,19.9794,2.2343,1.6062
2952,20.0483,3.1071,1.9022
2953,20.1172,3.7122,2.8329
2954,20.1861,3.6217,2.3533
2955,20.255,8.3607,3.2184
2956,20.3239,8.0609,3.7953
2957,20.3928,8.3259,3.1231
2958,20.4617,9.2247,3.8091
2959,20.5306,13.7172,4.0704
2960,20.5995,9.2232,3.8702
2961,20.6683,9.0247,2.8437
2962,20.7372,9.7224,2.7286
2963,20.8061,6.0502,2.4597
2964,20.875,7.5878,3.1306
2965,20.9439,7.9472,3.6464
2966,21.0128,9.5577,3.836
2967,21.0817,11.6329,4.0918
2968,21.1506,11.0048,4.9717
2969,21.2195,9.6348,3.4809
2970,21.2884,8.4195,2.4421
2971,21.3573,12.1997,2.4581
2972,21.4262,19.9844,3.0405
2973,21.4951,28.8748,3.5037
2974,21.564,31.7844,4.8175
2975,21.6329,32.6737,6.9982
2976,21.7018,44.8289,9.3908
2977,21.7707,58.1674,10.6477
2978,21.8396,54.7786,8.8366
2979,21.9084,38.9944,6.3726
2980,21.9773,25.0391,3.5116
2981,22.0462,15.234,2.6145
2982,22.1151,12.1563,2.1593
2983,22.184,12.118,1.194
2984,22.2529,8.8909,1.6254
2985,22.3218,6.7096,1.5683
2986,22.3907,4.8524,1.4841
2987,22.4596,4.3703,1.3831
2988,22.5285,4.2055,1.0118
2989,22.5974,3.974,0.4778
2990,22.6663,1.9768,0.5253
2991,22.7352,2.5131,1.2742
2992,22.8041,2.7989,0.6851
2993,22.873,1.9025,0.6942
2994,22.9419,2.5972,0.9285
2995,23.0108,2.5304,1.2725
2996,23.0797,2.4833,0.9663
2997,23.1486,3.018,2.1133
2998,23.2174,1.6672,2.1543
2999,23.2863,2.3641,2.2326
3000,23.3552,4.1381,1.7832
3001,23.4241,5.3379,2.0729
3002,23.493,7.5821,2.4116
3003,23.5619,8.311,3.3775
3004,23.6308,11.0334,3.2067
3005,23.6997,14.6569,3.6106
3006,23.7686,24.2064,6.3452
3007,23.8375,31.5043,8.969
3008,23.9064,32.68,9.1661
3009,23.9753,27.6432,8.1371
3010,24.0442,18.6818,5.8385
3011,24.1131,14.388,5.005
3012,24.182,13.6941,2.8315
3013,24.2509,12.5666,2.4427
3014,24.3198,15.4253,2.1964
3015,24.3887,14.501,2.0455
3016,24.4575,11.5283,2.2591
3017,24.5264,9.5925,2.6374
3018,24.5953,8.1244,1.3829
3019,24.6642,5.771,1.0339
3020,24.7331,3.3653,0.9943
3021,24.802,2.1837,1.0051
3022,24.8709,1.7026,0.9672
3023,24.9398,1.4313,0.9698
3024,25.0087,2.1637,0.979
3025,25.0776,1.8464,0.8974
3026,25.1465,1.9703,0.9025
3027,25.2154,1.8686,1.0726
3028,25.2843,1.6386,1.232
3029,25.3532,2.5469,1.1038
3030,25.4221,2.0602,0.9329
3031,25.491,2.5055,1.2124
3032,25.5599,3.1061,0.7344
3033,25.6288,2.1919,0.737
3034,25.6976,2.4805,1.3248
3035,25.7665,2.5548,0.9972
3036,25.8354,2.6434,0.5688
3037,25.9043,5.6176,1.1529
3038,25.9732,8.4505,1.1906
3039,26.0421,10.4946,1.5875
3040,26.111,11.0968,1.7055
3041,26.1799,10.5837,1.3989
3042,26.2488,10.603,2.7562
3043,26.3177,12.6899,3.2321
3044,26.3866,17.4053,3.8354
3045,26.4555,27.9438,4.136
3046,26.5244,37.7496,5.0586
3047,26.5933,50.0728,6.6827
3048,26.6622,53.3489,7.2365
3049,26.7311,41.6148,7.1158
3050,26.8,32.6207,7.0819
3051,26.8689,34.481,6.2995
3052,26.9377,35.8497,5.2591
3053,27.0066,35.4465,5.3741
3054,27.0755,23.9184,5.1821
3055,27.1444,9.0454,4.5038
3056,27.2133,3.9862,3.7107
3057,27.2822,4.8881,4.4213
3058,27.3511,4.9412,4.027
3059,27.42,5.1711,2.8763
3060,27.4889,4.6936,2.8374
3061,27.5578,2.7431,2.0095
3062,27.6267,3.8371,1.6525
3063,27.6956,3.4361,1.6234
3064,27.7645,4.7976,1.5147
3065,27.8334,10.024,2.4355
3066,27.9023,10.9325,2.594
3067,27.9712,12.8229,2.8603
3068,28.0401,18.8819,2.8483
3069,28.109,28.5433,3.9092
3070,28.1778,36.102,5.5327
3071,28.2467,34.9508,5.4534
3072,28.3156,30.6241,5.0249
3073,28.3845,24.9724,4.4839
3074,28.4534,21.3502,3.9455
3075,28.5223,19.4069,4.6317
3076,28.5912,14.8506,4.8045
3077,28.6601,12.5242,3.3974
3078,28.729,10.8255,2.9265
3079,28.7979,8.4889,2.4702
3080,28.8668,6.6548,2.9402
3081,28.9357,5.7215,2.9143
3082,29.0046,7.5765,2.5104
3083,29.0735,6.6453,3.3178
3084,29.1424,8.0455,2.6173
3085,29.2113,8.2599,3.0903
3086,29.2802,7.8521,3.6153
3087,29.3491,7.282,3.6838
3088,29.4179,8.1234,3.5778
3089,29.4868,7.9747,3.6793
3090,29.5557,9.1381,3.2049
3091,29.6246,7.7376,2.2514
3092,29.6935,5.5159,1.6965
3093,29.7624,4.7523,2.2489
3094,29.8313,6.2609,2.1071
3095,29.9002,6.2353,1.822
3096,29.9691,6.2152,2.0585
3097,30.038,7.0966,2.2295
3098,30.1069,9.1597,1.8941
3099,30.1758,11.5997,2.6347
3100,30.2447,10.713,2.5974
3101,30.3136,11.3417,1.6998
3102,30.3825,10.1246,1.5632
3103,30.4514,15.6161,2.5749
3104,30.5203,24.5224,2.6607
3105,30.5892,29.1228,2.4946
3106,30.6581,27.3527,1.615
3107,30.7269,16.1859,1.4594
3108,30.7958,6.1688,1.5258
3109,30.8647,2.1364,2.0372
3110,30.9336,1.3534,1.8027
3111,31.0025,2.5046,2.3178
3112,31.0714,2.796,1.8645
3113,31.1403,3.7287,1.725
3114,31.2092,3.7321,1.6932
3115,31.2781,3.1745,1.588
3116,31.347,2.8048,1.6114
3117,31.4159,3.9683,2.7429
3118,31.4848,4.818,3.4957
3119,31.5537,4.3258,3.0258
3120,31.6226,5.5194,3.7581
3121,31.6915,9.2282,3.2628
3122,31.7604,14.9523,5.0532
3123,31.8293,20.5417,8.2933
3124,31.8982,23.7168,10.2675
3125,31.967,29.9132,13.4265
3126,32.0359,29.4837,15.1039
3127,32.1048,22.5052,12.7487
3128,32.1737,18.1147,9.7086
3129,32.2426,11.4186,6.7981
3130,32.3115,8.8368,4.4429
3131,32.3804,6.427,4.174
3132,32.4493,3.44,3.2381
3133,32.5182,2.7911,2.6079
3134,32.5871,1.6263,1.8711
3135,32.656,2.3967,1.7729
3136,32.7249,1.5262,1.5236
3137,32.7938,1.2351,1.4127
3138,32.8627,1.2054,1.1969
3139,32.9316,2.1969,0.6548
3140,33.0005,2.3439,0.9682
3141,33.0694,3.4068,1.0289
3142,33.1383,3.214,1.8743
3143,33.2071,4.6211,1.9863
3144,33.276,4.8641,1.9835
3145,33.3449,6.0687,2.079
3146,33.4138,7.477,2.2879
3147,33.4827,6.6063,3.0297
3148,33.5516,7.3778,2.8331
3149,33.6205,8.7027,2.9153
3150,33.6894,8.9496,2.9945
3151,33.7583,5.9937,3.1301
3152,33.8272,5.0539,3.1824
3153,33.8961,5.2288,4.3621
3154,33.965,6.9765,4.4393
3155,34.0339,7.5806,3.3064
3156,34.1028,11.0992,3.1445
3157,34.1717,12.0104,3.5334
3158,34.2406,14.2948,3.323
3159,34.3095,14.5001,3.4999
3160,34.3784,17.6406,3.5061
3161,34.4472,16.093,3.3701
3162,34.5161,11.845,3.1628
3163,34.585,6.1227,3.4434
3164,34.6539,2.6445,2.7668
3165,34.7228,3.3145,2.4857
3166,34.7917,4.7611,2.202
3167,34.8606,6.3628,1.5636
3168,34.9295,13.3461,2.2289
3169,34.9984,20.361,2.6755
3170,35.0673,19.6322,3.0703
3171,35.1362,14.9121,3.2649
3172,35.2051,9.9281,2.4807
3173,35.274,6.22,1.9537
3174,35.3429,3.8179,2.1463
3175,35.4118,4.4868,2.1947
3176,35.4807,4.1284,1.5187
3177,35.5496,4.2595,1.7516
3178,35.6185,3.5432,2.5735
3179,35.6873,4.1956,2.7303
3180,35.7562,5.2832,3.1172
3181,35.8251,8.4773,2.5051
3182,35.894,15.6145,3.0985
3183,35.9629,17.2527,4.8356
3184,36.0318,17.6689,4.3723
3185,36.1007,16.9606,4.1967
3186,36.1696,14.9353,4.5721
3187,36.2385,15.0002,4.8476
3188,36.3074,11.2684,5.3804
3189,36.3763,11.5086,5.1394
3190,36.4452,10.4439,4.4727
3191,36.5141,11.8021,3.5574
3192,36.583,13.8494,3.8739
3193,36.6519,18.0185,4.4147
3194,36.7208,24.3223,4.1143
3195,36.7897,24.446,4.6624
3196,36.8586,24.4009,4.8226
3197,36.9274,22.7902,5.3407
3198,36.9963,22.0461,5.5701
3199,37.0652,20.3079,4.6213
3200,37.1341,23.457,4.2561
3201,37.203,26.5362,4.5382
3202,37.2719,28.1704,5.2448
3203,37.3408,21.799,4.2567
3204,37.4097,16.6263,4.1743
3205,37.4786,17.0386,3.679
3206,37.5475,22.1325,4.2265
3207,37.6164,24.6664,4.9658
3208,37.6853,23.7579,4.3292
3209,37.7542,19.7506,4.8595
3210,37.8231,19.2171,6.0457
3211,37.892,24.4235,8.6881
3212,37.9609,35.986,10.6922
3213,38.0298,43.8757,10.7766
3214,38.0987,43.072,10.6695
3548,0.0,32.534,5.7964
3549,0.0689,25.7223,5.872
3550,0.1378,18.6505,3.9389
3551,0.2067,12.6898,3.9467
3552,0.2756,11.3128,3.6445
3553,0.3445,10.8746,2.722
3554,0.4134,11.5683,2.5045
3555,0.4823,15.2517,2.3953
3556,0.5512,16.5892,2.8852
3557,0.6201,13.1479,2.3956
3558,0.6889,10.7504,2.3812
3559,0.7578,8.6918,2.2326
3560,0.8267,5.1921,2.4516
3561,0.8956,6.0901,1.9506
3562,0.9645,6.0121,1.1581
3563,1.0334,7.0297,1.6266
3564,1.1023,6.5296,1.7913
3565,1.1712,5.5647,1.1899
3566,1.2401,3.9858,1.5867
3567,1.309,3.5184,2.5481
3568,1.3779,5.5203,2.5714
3569,1.4468,6.7247,2.0069
3570,1.5157,8.8995,2.1379
3571,1.5846,11.6802,1.9992
3572,1.6535,12.353,1.7585
3573,1.7224,10.7698,2.0972
3574,1.7913,8.2174,1.8744
3575,1.8602,6.792,1.1633
3576,1.929,6.155,1.8922
3577,1.9979,6.1453,1.9561
3578,2.0668,7.3675,2.1675
3579,2.1357,8.0732,1.7697
3580,2.2046,7.7683,1.543
3581,2.2735,6.3276,1.7589
3582,2.3424,8.0793,1.3353
3583,2.4113,10.7135,1.3942
3584,2.4802,16.998,1.5803
3585,2.5491,23.9074,3.4843
3586,2.618,30.3758,5.1549
3587,2.6869,30.6148,6.6408
3588,2.7558,29.0753,7.1384
3589,2.8247,28.4853,5.3567
3590,2.8936,28.5215,4.8338
3591,2.9625,30.8483,5.037
3592,3.0314,29.291,4.1
3593,3.1003,24.669,4.1227
3594,3.1691,25.4286,3.8652
3595,3.238,25.1524,3.2381
3596,3.3069,18.9148,3.2524
3597,3.3758,12.7209,3.3614
3598,3.4447,12.4147,4.035
3599,3.5136,13.1996,3.6174
3600,3.5825,15.2571,3.0629
3601,3.6514,14.6625,4.3319
3602,3.7203,14.2452,3.9256
3603,3.7892,11.4777,3.1817
3604,3.8581,8.0488,2.3904
3605,3.927,8.8625,2.175
3606,3.9959,9.6604,2.3802
3607,4.0648,11.0858,1.9682
3608,4.1337,12.0834,1.5193
3609,4.2026,15.3962,1.9506
3610,4.2715,21.2107,2.5765
3611,4.3404,20.4207,2.3415
3612,4.4092,18.9307,2.6139
3613,4.4781,14.0719,2.356
3614,4.547,13.6033,2.8426
3615,4.6159,15.1266,2.3097
3616,4.6848,19.3012,2.4251
3617,4.7537,25.6427,3.8611
3618,4.8226,28.0927,3.6987
3619,4.8915,21.9709,3.7247
3620,4.9604,17.4764,4.2989
3621,5.0293,18.8375,3.5217
3622,5.0982,25.6085,3.4875
3623,5.1671,24.8724,4.2823
3624,5.236,20.9523,5.57
3625,5.3049,13.7812,5.1791
3626,5.3738,13.4853,5.6395
3627,5.4427,12.8955,5.706
3628,5.5116,15.196,6.0496
3629,5.5805,14.2772,4.717
3630,5.6493,15.447,4.2142
3631,5.7182,19.9506,4.1035
3632,5.7871,22.764,4.5496
3633,5.856,20.8789,4.5431
3634,5.9249,16.5245,4.8442
3635,5.9938,10.1499,4.8806
3636,6.0627,7.8628,5.1073
3637,6.1316,10.7372,4.4343
3638,6.2005,17.1338,4.9251
3639,6.2694,26.7547,5.2516
3640,6.3383,40.0777,4.6688
3641,6.4072,59.7975,6.1125
3642,6.4761,75.9752,8.8194
3643,6.545,78.2726,11.5144
3644,6.6139,62.4525,12.7893
3645,6.6828,43.0775,11.4369
3646,6.7517,27.0157,8.9205
3647,6.8206,19.9624,5.8099
3648,6.8894,13.7811,4.0946
3649,6.9583,10.6724,2.9038
3650,7.0272,7.3942,2.1256
3651,7.0961,5.4265,1.5606
3652,7.165,4.2185,0.8605
3653,7.2339,3.8987,0.9485
3654,7.3028,2.7474,1.4625
3655,7.3717,2.9577,1.739
3656,7.4406,2.7458,1.7113
3657,7.5095,3.8423,1.8649
3658,7.5784,7.0185,1.2337
3659,7.6473,9.2366,1.4057
3660,7.7162,10.4954,1.5379
3661,7.7851,9.9265,1.4437
3662,7.854,7.9849,1.1862
3663,7.9229,6.1916,1.1367
3664,7.9918,6.6046,1.0384
3665,8.0607,5.2489,0.9125
3666,8.1296,5.4661,1.1639
3667,8.1984,4.6437,1.2325
3668,8.2673,3.9026,1.2928
3669,8.3362,4.7291,1.4338
3670,8.4051,6.1655,1.9672
3671,8.474,4.6619,1.8992
3672,8.5429,3.0517,0.9698
3673,8.6118,3.2081,1.4667
3674,8.6807,4.2889,1.7125
3675,8.7496,5.6672,1.9807
3676,8.8185,4.7795,1.4462
3677,8.8874,4.8483,1.3373
3678,8.9563,3.3895,1.3417
3679,9.0252,2.7903,1.5512
3680,9.0941,2.8459,1.536
3681,9.163,3.5179,1.3252
3682,9.2319,4.2485,1.8085
3683,9.3008,5.4251,2.1605
3684,9.3697,8.3719,2.0725
3685,9.4385,12.2526,2.6418
3686,9.5074,11.5817,2.684
3687,9.5763,10.3459,3.1102
3688,9.6452,8.5282,1.8217
3689,9.7141,4.6426,2.3856
3690,9.783,4.3013,2.4035
3691,9.8519,3.7836,1.5541
3692,9.9208,4.8235,2.0375
3693,9.9897,7.8582,0.9721
3694,10.0586,5.5427,0.4751
3695,10.1275,5.2457,0.8133
3696,10.1964,5.1883,1.3789
3697,10.2653,4.0429,0.7971
3698,10.3342,2.8863,1.0302
3699,10.4031,1.9273,0.8079
3700,10.472,1.8418,0.8623
3701,10.5409,1.8483,0.5411
3702,10.6098,2.5653,0.8598
3703,10.6786,4.106,0.8364
3704,10.7475,8.407,1.169
3705,10.8164,9.9381,1.9112
3706,10.8853,11.6896,1.9485
3707,10.9542,17.0166,1.101
3708,11.0231,13.3883,1.3526
3709,11.092,7.5702,1.6082
3710,11.1609,3.9838,1.5225
3711,11.2298,1.7421,1.265
3712,11.2987,1.3702,1.3122
3713,11.3676,1.7732,1.2043
3714,11.4365,1.933,1.3276
3715,11.5054,1.9234,1.2332
3716,11.5743,3.7166,1.3173
3717,11.6432,3.4632,1.2766
3718,11.7121,4.1649,1.7972
3719,11.781,4.7639,2.1038
3720,11.8499,7.882,2.4968
3721,11.9187,13.141,2.5166
3722,11.9876,16.6573,3.2148
3723,12.0565,21.5289,4.1591
3724,12.1254,22.8743,4.5173
3725,12.1943,29.8152,4.651
3726,12.2632,42.2847,6.0106
3727,12.3321,52.8126,6.3496
3728,12.401,49.9076,5.8656
3729,12.4699,38.2392,5.1478
3730,12.5388,26.1677,3.9628
3731,12.6077,16.8132,4.2568
3732,12.6766,12.2065,2.9962
3733,12.7455,11.3549,2.7837
3734,12.8144,9.3239,3.6353
3735,12.8833,11.6627,4.3414
3736,12.9522,16.4785,6.4582
3737,13.0211,21.3408,5.6186
3738,13.09,23.4345,4.7636
3739,13.1588,21.6287,3.5774
3740,13.2277,16.92,3.6893
3741,13.2966,10.6945,3.1184
3742,13.3655,10.1128,2.606
3743,13.4344,13.9677,2.3852
3744,13.5033,14.7609,2.2673
3745,13.5722,13.5515,2.9169
3746,13.6411,9.0105,2.9163
3747,13.71,7.9461,2.5404
3748,13.7789,6.0592,2.1351
3749,13.8478,5.8873,1.5825
3750,13.9167,3.744,1.3075
3751,13.9856,4.5046,1.4443
3752,14.0545,4.7124,1.8636
3753,14.1234,3.2464,1.6008
3754,14.1923,4.2482,2.2481
3755,14.2612,6.2796,2.9054
3756,14.3301,7.711,3.0602
3757,14.3989,8.3971,3.4356
3758,14.4678,10.8768,3.2273
3759,14.5367,12.2796,2.9301
3760,14.6056,11.3542,3.2399
3761,14.6745,10.4021,3.2104
3762,14.7434,9.0837,2.7598
3763,14.8123,12.3533,3.0416
3764,14.8812,17.6628,3.191
3765,14.9501,25.4171,4.8987
3766,15.019,30.3166,5.5656
3767,15.0879,38.4079,5.5978
3768,15.1568,51.5774,7.1899
3769,15.2257,68.5472,10.1245
3770,15.2946,69.4065,12.6309
3771,15.3635,48.7258,12.3564
3772,15.4324,31.1387,8.1529
3773,15.5013,21.4862,5.4124
3774,15.5702,13.5365,4.355
3775,15.6391,7.2892,3.4422
3776,15.7079,5.8984,2.1828
3777,15.7768,5.0588,1.7499
3778,15.8457,5.0729,1.1345
3779,15.9146,3.3425,0.5763
3780,15.9835,2.0109,0.5508
3781,16.0524,2.4106,0.8228
3782,16.1213,2.1625,0.9857
3783,16.1902,2.5496,0.5377
3784,16.2591,2.0571,0.5033
3785,16.328,2.7574,0.4901
3786,16.3969,3.217,0.8724
3787,16.4658,2.1457,0.9653
3788,16.5347,1.6003,0.8531
3789,16.6036,1.3589,0.8249
3790,16.6725,0.6515,0.869
3791,16.7414,0.9155,1.1005
3792,16.8103,0.7764,0.9276
3793,16.8792,0.5535,1.5369
3794,16.948,1.7594,1.9751
3795,17.0169,3.7129,2.2469
3796,17.0858,3.6312,2.3543
3797,17.1547,4.829,2.732
3798,17.2236,3.5394,2.0208
3799,17.2925,3.2065,1.7776
3800,17.3614,2.1684,1.663
3801,17.4303,2.7594,1.3211
3802,17.4992,2.7708,1.4404
3803,17.5681,3.2831,1.2512
3804,17.637,2.157,0.8931
3805,17.7059,1.5773,1.4404
3806,17.7748,3.2151,1.6652
3807,17.8437,4.8242,1.5209
3808,17.9126,8.0105,1.6435
3809,17.9815,8.4203,2.4159
3810,18.0504,12.4885,2.8778
3811,18.1193,15.9079,3.084
3812,18.1881,20.066,4.0308
3813,18.257,20.2524,5.295
3814,18.3259,17.7385,5.5722
3815,18.3948,14.6594,5.9671
3816,18.4637,11.8725,5.2979
3817,18.5326,9.1158,2.9387
3818,18.6015,7.5478,2.733
3819,18.6704,6.2968,2.1427
3820,18.7393,6.7888,2.5713
3821,18.8082,7.7134,2.9423
3822,18.8771,11.2539,2.6818
3823,18.946,13.2869,3.9631
3824,19.0149,15.6784,4.0205
3825,19.0838,20.3136,3.28
3826,19.1527,23.7484,4.2578
3827,19.2216,28.7578,3.9781
3828,19.2905,34.169,3.7995
3829,19.3594,30.1692,4.47
3830,19.4282,27.5164,4.0317
3831,19.4971,23.8977,3.1843
3832,19.566,21.2899,4.3891
3833,19.6349,14.494,3.994
3834,19.7038,10.5479,3.4255
3835,19.7727,11.7773,2.8475
3836,19.8416,11.9127,2.1359
3837,19.9105,13.371,1.9479
3838,19.9794,15.1493,1.8969
3839,20.0483,19.5422,2.4286
3840,20.1172,29.9265,2.6284
3841,20.1861,56.5806,3.3795
3842,20.255,89.0772,5.7234
3843,20.3239,93.9668,7.2963
3844,20.3928,62.2782,7.2505
3845,20.4617,26.0383,5.5107
3846,20.5306,10.2234,3.3937
3847,20.5995,5.3339,2.055
3848,20.6683,3.3123,1.5837
3849,20.7372,2.4521,1.1219
3850,20.8061,2.0857,1.2596
3851,20.875,2.2228,0.8978
3852,20.9439,1.5752,0.636
3853,21.0128,1.3748,0.946
3854,21.0817,1.3664,1.2309
3855,21.1506,1.7387,1.3849
3856,21.2195,1.8943,1.464
3857,21.2884,1.4687,1.8431
3858,21.3573,0.9241,1.4841
3859,21.4262,2.0285,1.5278
3860,21.4951,1.8557,1.3282
3861,21.564,3.0875,1.0099
3862,21.6329,3.4823,1.0576
3863,21.7018,4.271,1.5595
3864,21.7707,4.6359,1.2602
3865,21.8396,3.7642,1.5743
3866,21.9084,5.3419,1.6937
3867,21.9773,6.4264,1.7696
3868,22.0462,6.2897,1.9301
3869,22.1151,6.9614,2.2679
3870,22.184,8.4318,2.2706
3871,22.2529,10.5104,2.264
3872,22.3218,10.6235,1.7514
3873,22.3907,11.8761,3.0019
3874,22.4596,11.2567,3.3062
3875,22.5285,9.3218,4.1131
3876,22.5974,12.7406,5.6335
3877,22.6663,15.5883,5.5565
3878,22.7352,14.8128,5.4778
3879,22.8041,12.5191,2.9781
3880,22.873,9.0525,1.9786
